No      X          Y
1       -1.0       -0.717304
2       -0.959184  -0.936314
3       -0.918367  -0.901388
4       -0.877551  -0.907688
5       -0.836735  -0.905858
6       -0.795918  -1.09405
7       -0.755102  -1.12076
8       -0.714286  -1.0765
9       -0.673469  -1.20206
10      -0.632653  -1.25514
11      -0.591837  -1.27189
12      -0.55102   -1.25953
13      -0.510204  -1.36683
14      -0.469388  -1.31169
15      -0.428571  -1.35317
16      -0.387755  -1.42129
17      -0.346939  -1.32177
18      -0.306122  -1.41868
19      -0.265306  -1.3763
20      -0.22449   -1.31352
21      -0.183673  -1.32885
22      -0.142857  -1.39423
23      -0.102041  -1.35799
24      -0.0612245 -1.36708
25      -0.0204082 -1.35758
26      0.0204082  -1.32209
27      0.0612245  -1.34446
28      0.102041   -1.25221
29      0.142857   -1.24285
30      0.183673   -1.26652
31      0.22449    -1.23131
32      0.265306   -1.09059
33      0.306122   -1.10953
34      0.346939   -1.09518
35      0.387755   -0.903816
36      0.428571   -0.924046
37      0.469388   -0.871788
38      0.510204   -0.732188
39      0.55102    -0.809472
40      0.591837   -0.676176
41      0.632653   -0.594059
42      0.673469   -0.58111
43      0.714286   -0.537139
44      0.755102   -0.494175
45      0.795918   -0.424251
46      0.836735   -0.283853
47      0.877551   -0.173185
48      0.918367   -0.16208
49      0.959184   -0.019276
50      1.0        0.12782
