No      X          Y
1       -1.0       0.195997
2       -0.959184  0.165981
3       -0.918367  0.0965009
4       -0.877551  -0.145763
5       -0.836735  -0.267251
6       -0.795918  -0.266064
7       -0.755102  -0.390014
8       -0.714286  -0.631729
9       -0.673469  -0.771167
10      -0.632653  -0.909082
11      -0.591837  -0.974276
12      -0.55102   -1.29144
13      -0.510204  -1.2946
14      -0.469388  -1.48045
15      -0.428571  -1.57578
16      -0.387755  -1.56378
17      -0.346939  -1.72876
18      -0.306122  -1.78622
19      -0.265306  -1.73278
20      -0.22449   -1.76656
21      -0.183673  -1.71526
22      -0.142857  -1.6663
23      -0.102041  -1.5408
24      -0.0612245 -1.59601
25      -0.0204082 -1.41242
26      0.0204082  -1.29359
27      0.0612245  -1.11134
28      0.102041   -1.0078
29      0.142857   -0.939639
30      0.183673   -0.850031
31      0.22449    -0.930251
32      0.265306   -0.835415
33      0.306122   -0.799117
34      0.346939   -0.682813
35      0.387755   -0.749251
36      0.428571   -0.728587
37      0.469388   -0.796631
38      0.510204   -0.725148
39      0.55102    -0.812166
40      0.591837   -0.81361
41      0.632653   -0.897233
42      0.673469   -1.02993
43      0.714286   -1.10209
44      0.755102   -1.1256
45      0.795918   -1.15009
46      0.836735   -1.0565
47      0.877551   -0.98827
48      0.918367   -0.967562
49      0.959184   -0.838591
50      1.0        -0.927953
