No      X          Y
1       -1.0       -0.754943
2       -0.959184  -0.913014
3       -0.918367  -0.986283
4       -0.877551  -1.06833
5       -0.836735  -1.20423
6       -0.795918  -1.28885
7       -0.755102  -1.32055
8       -0.714286  -1.24292
9       -0.673469  -1.42657
10      -0.632653  -1.35053
11      -0.591837  -1.40112
12      -0.55102   -1.4371
13      -0.510204  -1.55058
14      -0.469388  -1.4463
15      -0.428571  -1.5895
16      -0.387755  -1.57815
17      -0.346939  -1.54295
18      -0.306122  -1.54315
19      -0.265306  -1.57523
20      -0.22449   -1.56474
21      -0.183673  -1.54868
22      -0.142857  -1.57554
23      -0.102041  -1.41481
24      -0.0612245 -1.42934
25      -0.0204082 -1.28726
26      0.0204082  -1.29439
27      0.0612245  -1.26154
28      0.102041   -1.26068
29      0.142857   -1.17505
30      0.183673   -1.08938
31      0.22449    -1.00592
32      0.265306   -0.960561
33      0.306122   -0.863583
34      0.346939   -0.980951
35      0.387755   -0.904571
36      0.428571   -0.852655
37      0.469388   -0.751457
38      0.510204   -0.573186
39      0.55102    -0.579493
40      0.591837   -0.46171
41      0.632653   -0.420159
42      0.673469   -0.451027
43      0.714286   -0.239073
44      0.755102   -0.233329
45      0.795918   -0.100331
46      0.836735   -0.201818
47      0.877551   0.0268379
48      0.918367   0.0720118
49      0.959184   0.0825424
50      1.0        0.0720476
