No      X          Y
1       -1.0       -0.943335
2       -0.959184  -1.01953
3       -0.918367  -0.954496
4       -0.877551  -0.97699
5       -0.836735  -0.740931
6       -0.795918  -0.680193
7       -0.755102  -0.692974
8       -0.714286  -0.627471
9       -0.673469  -0.439955
10      -0.632653  -0.370169
11      -0.591837  -0.544547
12      -0.55102   -0.523502
13      -0.510204  -0.683767
14      -0.469388  -0.859825
15      -0.428571  -1.07105
16      -0.387755  -1.10744
17      -0.346939  -1.33628
18      -0.306122  -1.60659
19      -0.265306  -1.67998
20      -0.22449   -1.71725
21      -0.183673  -1.8467
22      -0.142857  -1.80181
23      -0.102041  -1.71642
24      -0.0612245 -1.61288
25      -0.0204082 -1.35808
26      0.0204082  -1.28868
27      0.0612245  -1.17129
28      0.102041   -1.02755
29      0.142857   -0.962892
30      0.183673   -0.813101
31      0.22449    -0.724349
32      0.265306   -0.800884
33      0.306122   -1.01957
34      0.346939   -1.04421
35      0.387755   -1.2186
36      0.428571   -1.23125
37      0.469388   -1.40853
38      0.510204   -1.55735
39      0.55102    -1.52583
40      0.591837   -1.55864
41      0.632653   -1.3885
42      0.673469   -1.20207
43      0.714286   -1.17672
44      0.755102   -0.960947
45      0.795918   -0.727488
46      0.836735   -0.377487
47      0.877551   -0.221288
48      0.918367   -0.0715403
49      0.959184   -0.0112437
50      1.0        0.143191
