No      X          Y
1       -1.0       -0.0908947
2       -0.959184  -0.429099
3       -0.918367  -0.554825
4       -0.877551  -0.942103
5       -0.836735  -1.12423
6       -0.795918  -1.12925
7       -0.755102  -1.23382
8       -0.714286  -1.22907
9       -0.673469  -1.01587
10      -0.632653  -0.955996
11      -0.591837  -0.699866
12      -0.55102   -0.692503
13      -0.510204  -0.534634
14      -0.469388  -0.704935
15      -0.428571  -0.627662
16      -0.387755  -0.947101
17      -0.346939  -1.11436
18      -0.306122  -1.27445
19      -0.265306  -1.46208
20      -0.22449   -1.68845
21      -0.183673  -1.78072
22      -0.142857  -1.91018
23      -0.102041  -1.8045
24      -0.0612245 -1.71043
25      -0.0204082 -1.48685
26      0.0204082  -1.20243
27      0.0612245  -1.04164
28      0.102041   -0.886344
29      0.142857   -0.886752
30      0.183673   -0.934876
31      0.22449    -0.943929
32      0.265306   -0.995929
33      0.306122   -1.13839
34      0.346939   -1.43036
35      0.387755   -1.57956
36      0.428571   -1.65575
37      0.469388   -1.62588
38      0.510204   -1.51826
39      0.55102    -1.41349
40      0.591837   -1.13083
41      0.632653   -0.824127
42      0.673469   -0.735282
43      0.714286   -0.373131
44      0.755102   -0.370307
45      0.795918   -0.240203
46      0.836735   -0.266317
47      0.877551   -0.244924
48      0.918367   -0.460744
49      0.959184   -0.576096
50      1.0        -0.628963
