No      X          Y
1       -1.0       -0.173721
2       -0.959184  -0.0900769
3       -0.918367  -0.0937125
4       -0.877551  -0.0979264
5       -0.836735  -0.207967
6       -0.795918  -0.276503
7       -0.755102  -0.160567
8       -0.714286  -0.34719
9       -0.673469  -0.446684
10      -0.632653  -0.624263
11      -0.591837  -0.818835
12      -0.55102   -0.851841
13      -0.510204  -1.1574
14      -0.469388  -1.3449
15      -0.428571  -1.32968
16      -0.387755  -1.64061
17      -0.346939  -1.75598
18      -0.306122  -1.69024
19      -0.265306  -1.80793
20      -0.22449   -1.84817
21      -0.183673  -1.77261
22      -0.142857  -1.65426
23      -0.102041  -1.68354
24      -0.0612245 -1.48543
25      -0.0204082 -1.50935
26      0.0204082  -1.35482
27      0.0612245  -1.24505
28      0.102041   -1.04182
29      0.142857   -0.866557
30      0.183673   -0.866114
31      0.22449    -0.807701
32      0.265306   -0.788612
33      0.306122   -0.715097
34      0.346939   -0.761125
35      0.387755   -0.865448
36      0.428571   -0.955743
37      0.469388   -1.00382
38      0.510204   -0.96828
39      0.55102    -1.14078
40      0.591837   -1.08982
41      0.632653   -1.13912
42      0.673469   -1.34498
43      0.714286   -1.21772
44      0.755102   -1.30525
45      0.795918   -1.11401
46      0.836735   -1.17058
47      0.877551   -0.932514
48      0.918367   -0.892915
49      0.959184   -0.687965
50      1.0        -0.448123
