No      X          Y
1       -1.0       -0.630635
2       -0.959184  -0.577256
3       -0.918367  -0.499098
4       -0.877551  -0.526313
5       -0.836735  -0.41843
6       -0.795918  -0.440852
7       -0.755102  -0.238911
8       -0.714286  -0.415717
9       -0.673469  -0.288475
10      -0.632653  -0.392067
11      -0.591837  -0.581416
12      -0.55102   -0.688059
13      -0.510204  -0.785125
14      -0.469388  -0.958606
15      -0.428571  -1.15878
16      -0.387755  -1.32523
17      -0.346939  -1.52535
18      -0.306122  -1.68539
19      -0.265306  -1.68014
20      -0.22449   -1.86665
21      -0.183673  -1.79822
22      -0.142857  -1.85025
23      -0.102041  -1.61425
24      -0.0612245 -1.49576
25      -0.0204082 -1.46635
26      0.0204082  -1.2545
27      0.0612245  -1.13954
28      0.102041   -0.969084
29      0.142857   -0.997128
30      0.183673   -0.88054
31      0.22449    -0.739092
32      0.265306   -0.798345
33      0.306122   -0.837182
34      0.346939   -0.846933
35      0.387755   -0.970925
36      0.428571   -1.12978
37      0.469388   -1.1772
38      0.510204   -1.27312
39      0.55102    -1.25195
40      0.591837   -1.31396
41      0.632653   -1.45585
42      0.673469   -1.43287
43      0.714286   -1.30263
44      0.755102   -1.15563
45      0.795918   -0.990764
46      0.836735   -0.76165
47      0.877551   -0.672778
48      0.918367   -0.4061
49      0.959184   -0.173562
50      1.0        0.0013893
