No      X          Y
1       -1.0       -0.412051
2       -0.959184  -0.615458
3       -0.918367  -0.722768
4       -0.877551  -0.895681
5       -0.836735  -0.87887
6       -0.795918  -1.06012
7       -0.755102  -1.20927
8       -0.714286  -1.24816
9       -0.673469  -1.32579
10      -0.632653  -1.38496
11      -0.591837  -1.46559
12      -0.55102   -1.60117
13      -0.510204  -1.59328
14      -0.469388  -1.68839
15      -0.428571  -1.55961
16      -0.387755  -1.7265
17      -0.346939  -1.57157
18      -0.306122  -1.74304
19      -0.265306  -1.73265
20      -0.22449   -1.61398
21      -0.183673  -1.64202
22      -0.142857  -1.57928
23      -0.102041  -1.58828
24      -0.0612245 -1.37215
25      -0.0204082 -1.39471
26      0.0204082  -1.35488
27      0.0612245  -1.19631
28      0.102041   -1.2058
29      0.142857   -1.04302
30      0.183673   -1.14979
31      0.22449    -1.03723
32      0.265306   -0.996873
33      0.306122   -0.788741
34      0.346939   -0.707307
35      0.387755   -0.742774
36      0.428571   -0.70993
37      0.469388   -0.541293
38      0.510204   -0.528283
39      0.55102    -0.580681
40      0.591837   -0.38496
41      0.632653   -0.429834
42      0.673469   -0.48097
43      0.714286   -0.488258
44      0.755102   -0.370767
45      0.795918   -0.397095
46      0.836735   -0.378856
47      0.877551   -0.269779
48      0.918367   -0.213349
49      0.959184   -0.33126
50      1.0        -0.386234
