No      X          Y
1       -1.0       0.0617932
2       -0.959184  -0.0863034
3       -0.918367  -0.279037
4       -0.877551  -0.399005
5       -0.836735  -0.438764
6       -0.795918  -0.643222
7       -0.755102  -0.833045
8       -0.714286  -0.950703
9       -0.673469  -0.986408
10      -0.632653  -1.27394
11      -0.591837  -1.3728
12      -0.55102   -1.41564
13      -0.510204  -1.48783
14      -0.469388  -1.54074
15      -0.428571  -1.60282
16      -0.387755  -1.63746
17      -0.346939  -1.66475
18      -0.306122  -1.64117
19      -0.265306  -1.72424
20      -0.22449   -1.78212
21      -0.183673  -1.63629
22      -0.142857  -1.54566
23      -0.102041  -1.50346
24      -0.0612245 -1.57273
25      -0.0204082 -1.48333
26      0.0204082  -1.25513
27      0.0612245  -1.22194
28      0.102041   -1.23979
29      0.142857   -1.02798
30      0.183673   -0.997434
31      0.22449    -0.973751
32      0.265306   -0.896464
33      0.306122   -0.722651
34      0.346939   -0.74375
35      0.387755   -0.621824
36      0.428571   -0.660054
37      0.469388   -0.669835
38      0.510204   -0.616097
39      0.55102    -0.605781
40      0.591837   -0.551251
41      0.632653   -0.680375
42      0.673469   -0.612651
43      0.714286   -0.599129
44      0.755102   -0.767432
45      0.795918   -0.738782
46      0.836735   -0.687548
47      0.877551   -0.650575
48      0.918367   -0.837996
49      0.959184   -0.807934
50      1.0        -0.764319
