No      X          Y
1       -1.0       -0.575564
2       -0.959184  -0.740238
3       -0.918367  -0.968415
4       -0.877551  -1.09712
5       -0.836735  -1.05026
6       -0.795918  -1.06337
7       -0.755102  -1.0007
8       -0.714286  -0.916943
9       -0.673469  -0.789483
10      -0.632653  -0.625573
11      -0.591837  -0.481741
12      -0.55102   -0.529742
13      -0.510204  -0.489518
14      -0.469388  -0.58505
15      -0.428571  -0.814559
16      -0.387755  -1.03861
17      -0.346939  -1.22964
18      -0.306122  -1.48363
19      -0.265306  -1.62047
20      -0.22449   -1.7609
21      -0.183673  -1.74039
22      -0.142857  -1.83262
23      -0.102041  -1.80027
24      -0.0612245 -1.5207
25      -0.0204082 -1.52021
26      0.0204082  -1.2261
27      0.0612245  -1.11665
28      0.102041   -0.85718
29      0.142857   -0.880433
30      0.183673   -0.765747
31      0.22449    -0.881521
32      0.265306   -0.886687
33      0.306122   -1.09861
34      0.346939   -1.28066
35      0.387755   -1.35475
36      0.428571   -1.42565
37      0.469388   -1.51816
38      0.510204   -1.56775
39      0.55102    -1.5964
40      0.591837   -1.41618
41      0.632653   -1.11515
42      0.673469   -0.994467
43      0.714286   -0.764372
44      0.755102   -0.490857
45      0.795918   -0.238923
46      0.836735   -0.104782
47      0.877551   -0.0750781
48      0.918367   -0.0787778
49      0.959184   -0.15423
50      1.0        -0.0927219
