n     x0   x1            x2            x3            x4            x5           x6           x7           x8           x9   x10
1   -1.0 1.0                                                                                                               
2   -1.0 0.0           1.0                                                                                                 
3   -1.0 -0.3333333333 0.3333333333  1.0                                                                                   
4   -1.0 -0.5          0.0           0.5           1.0                                                                     
5   -1.0 -0.6          -0.2          0.2           0.6           1.0                                                       
6   -1.0 -0.6666666667 -0.3333333333 0.0           0.3333333333  0.6666666667 1.0                                          
7   -1.0 -0.7142857143 -0.4285714286 -0.1428571429 0.1428571429  0.4285714286 0.7142857143 1.0                             
8   -1.0 -0.75         -0.5          -0.25         0.0           0.25         0.5          0.75         1.0                
9   -1.0 -0.7777777778 -0.5555555556 -0.3333333333 -0.1111111111 0.1111111111 0.3333333333 0.5555555556 0.7777777778 1.0   
10  -1.0 -0.8          -0.6          -0.4          -0.2          0.0          0.2          0.4          0.6          0.8  1.0
