n     x0            x1            x2            x3            x4             x5             x6           x7           x8           x9           x10
1   -0.755298812  0.08623551032                                                                                                                
2   -0.7391387228 0.290329223   0.9627571213                                                                                                   
3   -0.966629433  -0.5787708062 0.5166760525  0.6998744317                                                                                     
4   -0.8697357322 -0.3166502624 -0.2270539002 0.5766518332  0.9439779663                                                                       
5   -0.9546200755 -0.6144229858 -0.3658994819 0.06208723399 0.7513293554   0.8279458943                                                        
6   -0.9164438709 -0.6563277357 -0.2740966666 0.07125632517 0.3823752221   0.6953747015   0.857421649                                          
7   -0.8996690154 -0.724030308  -0.4139430466 -0.1561705379 0.05546993407  0.5334971532   0.7441830243 0.8641464544                            
8   -0.9767977362 -0.7529372408 -0.5067174055 -0.3525820385 -0.1220483146  0.1499708284   0.4249069057 0.7004347255 0.9336236561               
9   -0.9469583473 -0.8792557405 -0.5464610788 -0.3375275162 -0.02698716931 0.2133868669   0.3443632283 0.6456369902 0.8791059383 0.9511276014  
10  -0.9758395506 -0.7900292824 -0.5742448296 -0.4314123682 -0.2746691188  -0.03677193825 0.174991114  0.312544298  0.5277833622 0.728679188  0.9711390085