n     x0            x1            x2            x3            x4           x5           x6           x7           x8           x9           x10
1   -0.5773502692 0.5773502692                                                                                                             
2   -0.7745966692 0.0           0.7745966692                                                                                               
3   -0.8611363116 -0.3399810436 0.3399810436  0.8611363116                                                                                 
4   -0.9061798459 -0.5384693101 0.0           0.5384693101  0.9061798459                                                                   
5   -0.9324695142 -0.6612093865 -0.2386191861 0.2386191861  0.6612093865 0.9324695142                                                      
6   -0.9491079123 -0.7415311856 -0.4058451514 0.0           0.4058451514 0.7415311856 0.9491079123                                         
7   -0.9602898565 -0.7966664774 -0.5255324099 -0.1834346425 0.1834346425 0.5255324099 0.7966664774 0.9602898565                            
8   -0.9681602395 -0.8360311073 -0.6133714327 -0.3242534234 0.0          0.3242534234 0.6133714327 0.8360311073 0.9681602395               
9   -0.9739065285 -0.8650633667 -0.6794095683 -0.4333953941 -0.148874339 0.148874339  0.4333953941 0.6794095683 0.8650633667 0.9739065285  
10  -0.9782286581 -0.8870625998 -0.7301520056 -0.5190961292 -0.269543156 0.0          0.269543156  0.5190961292 0.7301520056 0.8870625998 0.9782286581