A
7.3841    -0.118766 0.774988  0.479179  0.157813  0.0971976 -0.883638 0.898706  -0.196341
-0.163058 10.7031   -0.875319 0.900903  0.499407  -0.511461 -0.17109  0.9024    0.500687
-0.317884 0.351535  10.0089   0.483332  -0.367554 0.748704  -0.448856 -0.806344 0.767341
-0.469746 0.401085  -0.601334 11.0324   0.317351  0.497068  0.952521  0.387688  0.906358
-0.135709 0.24069   -0.765029 0.504672  8.71978   0.611933  -0.924281 0.550665  0.236215
-0.978832 0.081616  -0.742675 -0.970909 0.505512  9.06293   0.141708  0.0445322 0.11345
0.140939  -0.717727 -0.22702  0.256308  -0.262929 0.482738  7.40106   -0.479928 -0.555821
0.530904  -0.756548 0.399964  -0.885205 0.88304   -0.420211 -0.201016 10.7741   -0.801894
-0.779544 0.67478   -0.223392 -0.696883 -0.577353 0.423783  0.865796  0.263315  9.39884
B
-2.70244 -1.28535 -1.36071 -1.1143 -2.6151 -2.37763 -2.58244 -1.26458 -1.05807
X
-0.371883 -0.123928 -0.146988 -0.0535122 -0.320263 -0.293691 -0.364083 -0.107015 -0.111877
Determinant
522706930.