A
0.273905  0.827595  0.628449  0.256758   0.315504  0.580397  0.0924051 0.672242   0.904      0.919321  0.895224  0.207471  0.874754   0.804926   0.222203   0.450652   0.755185   0.785432  0.988263  0.733307   0.376623   0.550477  0.689626  0.446666  0.885112  0.0435636   0.466287   0.939688  0.949211  0.237125  0.912676   0.563895  0.773033  0.47178   0.52      0.0904182  0.408575  0.212067  0.784604  0.477975  0.21448   0.327547   0.0320432 0.371647  0.961723  0.466449  0.569305  0.39037   0.870341  0.98275
0.354297  0.386401  0.943576  0.249955   0.170052  0.477067  0.954714  0.244534   0.785049   0.486709  0.259304  0.418135  0.367441   0.315251   0.00835957 0.620385   0.434598   0.859794  0.0108617 0.361489   0.490635   0.398326  0.809759  0.138972  0.40844   0.283062    0.518858   0.99109   0.587653  0.880921  0.165283   0.740379  0.502579  0.297464  0.760731  0.596437   0.0880419 0.932941  0.217744  0.586033  0.813967  0.178609   0.263834  0.297813  0.618864  0.353881  0.567696  0.636237  0.170526  0.659265
0.84918   0.620862  0.932712  0.77211    0.47034   0.279954  0.807498  0.264259   0.555931   0.611606  0.0184669 0.814708  0.480207   0.75486    0.794084   0.894694   0.878625   0.55791   0.341539  0.0793123  0.546263   0.21207   0.364999  0.115637  0.924674  0.811524    0.631883   0.826891  0.0483825 0.654982  0.941299   0.228155  0.223349  0.778819  0.181948  0.0329148  0.691266  0.409216  0.808002  0.406943  0.808522  0.394947   0.334794  0.95081   0.0453825 0.855933  0.0892033 0.0160013 0.654893  0.819174
0.853538  0.749358  0.585332  0.468107   0.651359  0.76797   0.348638  0.545023   0.406844   0.430639  0.222248  0.831666  0.268662   0.11618    0.350612   0.665569   0.909796   0.759252  0.715039  0.790091   0.19573    0.177282  0.414689  0.13534   0.15809   0.085142    0.77513    0.0511586 0.998546  0.688678  0.493136   0.587162  0.580273  0.205034  0.0340707 0.242498   0.211086  0.936475  0.610747  0.290634  0.659885  0.49434    0.39769   0.602433  0.117871  0.156012  0.629164  0.42668   0.152747  0.207906
0.631918  0.615034  0.908479  0.939902   0.551087  0.251609  0.404413  0.120131   0.598829   0.21305   0.817433  0.81165   0.469624   0.641945   0.0748017  0.598786   0.18663    0.917408  0.817711  0.878152   0.306093   0.392368  0.665695  0.28197   0.397157  0.366109    0.457736   0.394277  0.493945  0.388253  0.297831   0.528662  0.0123424 0.681471  0.199923  0.0695933  0.0300794 0.158918  0.28692   0.903822  0.8612    0.788      0.0159781 0.867968  0.191534  0.0446444 0.957026  0.773396  0.973437  0.239317
0.779032  0.329912  0.318885  0.384101   0.432464  0.0735747 0.0153938 0.9691     0.233628   0.809551  0.129031  0.302326  0.464198   0.668148   0.87309    0.474483   0.218258   0.272136  0.940113  0.631475   0.167139   0.242677  0.326057  0.874858  0.799457  0.823758    0.84115    0.386399  0.594282  0.342752  0.0543757  0.398484  0.968491  0.291914  0.622861  0.322875   0.772921  0.842635  0.767758  0.435576  0.74609   0.380062   0.358556  0.211061  0.320071  0.527262  0.165192  0.633819  0.45318   0.146682
0.15296   0.884715  0.819172  0.416288   0.632613  0.636005  0.0692168 0.837701   0.376276   0.155373  0.282652  0.0201663 0.97735    0.389142   0.760803   0.531925   0.571023   0.742801  0.276751  0.439046   0.665226   0.392924  0.95081   0.803925  0.297511  0.131816    0.708744   0.0885764 0.131231  0.463082  0.741755   0.853595  0.709277  0.685205  0.433624  0.726824   0.459629  0.105247  0.65166   0.97946   0.645519  0.196454   0.168344  0.966659  0.662097  0.261499  0.329261  0.373511  0.690334  0.158617
0.254149  0.912857  0.502369  0.402545   0.94259   0.273335  0.189002  0.866892   0.227957   0.971155  0.11732   0.126071  0.409105   0.756067   0.558844   0.905302   0.849225   0.183717  0.755781  0.980683   0.427433   0.288646  0.369886  0.621229  0.476335  0.4813      0.740901   0.171756  0.31688   0.854273  0.201128   0.120066  0.37652   0.999929  0.370645  0.378171   0.193064  0.0449508 0.707601  0.135996  0.366096  0.17456    0.479681  0.282344  0.380226  0.974848  0.449461  0.990265  0.373342  0.111004
0.542195  0.884611  0.310868  0.739403   0.0448356 0.231197  0.602981  0.872552   0.516814   0.476438  0.384491  0.499371  0.635068   0.133001   0.469453   0.120787   0.732559   0.558817  0.838718  0.656382   0.929509   0.975742  0.930267  0.494518  0.941577  0.449484    0.181988   0.365997  0.462791  0.726856  0.00576541 0.789371  0.472605  0.675629  0.769042  0.948684   0.976871  0.924637  0.0538574 0.771206  0.409738  0.637574   0.190441  0.0733167 0.761043  0.66034   0.675841  0.0548095 0.30412   0.605712
0.159127  0.204166  0.189576  0.604617   0.124791  0.279564  0.900938  0.865341   0.0309801  0.524411  0.483726  0.606529  0.641072   0.423888   0.112411   0.124532   0.21281    0.833702  0.750716  0.173057   0.539593   0.551759  0.8146    0.833762  0.688413  0.366181    0.937068   0.68398   0.144528  0.0473862 0.843479   0.762231  0.459987  0.875768  0.829186  0.656821   0.30391   0.177973  0.314442  0.930676  0.762293  0.210918   0.363083  0.374199  0.498807  0.488437  0.381109  0.017686  0.0483495 0.0880715
0.821934  0.33638   0.240777  0.225519   0.865456  0.394083  0.735419  0.486319   0.00391904 0.299758  0.457033  0.903581  0.137742   0.525851   0.0204239  0.310033   0.164631   0.654189  0.51609   0.169878   0.874292   0.171991  0.958658  0.727248  0.889252  0.545268    0.688577   0.115893  0.311852  0.955916  0.628748   0.72206   0.875488  0.65318   0.663166  0.494445   0.836702  0.158492  0.492946  0.144288  0.746523  0.75529    0.992375  0.650168  0.585997  0.374593  0.660424  0.360093  0.887155  0.564138
0.795326  0.040151  0.0699038 0.878479   0.499844  0.43728   0.371457  0.573616   0.960344   0.504396  0.346495  0.536782  0.342971   0.357544   0.833455   0.772697   0.0674888  0.752163  0.270624  0.397591   0.0867322  0.963964  0.117038  0.397852  0.310197  0.75974     0.627166   0.736787  0.504378  0.921652  0.919864   0.647618  0.183251  0.11824   0.428295  0.145028   0.40742   0.826336  0.943182  0.2776    0.137932  0.693346   0.690415  0.434048  0.979881  0.136697  0.0995492 0.792269  0.241333  0.384208
0.212438  0.0631102 0.814327  0.385      0.0898169 0.517456  0.921534  0.451495   0.0405217  0.0674886 0.790984  0.913157  0.687596   0.920004   0.515441   0.370859   0.200378   0.498898  0.795826  0.612234   0.32775    0.0506369 0.459587  0.856459  0.22673   0.599326    0.588719   0.686206  0.348906  0.960457  0.545499   0.744763  0.20798   0.341904  0.452857  0.999528   0.464649  0.592786  0.174734  0.394034  0.828453  0.472911   0.276115  0.354603  0.577895  0.870681  0.0670796 0.469137  0.220308  0.473949
0.379794  0.693834  0.651774  0.520469   0.782939  0.395319  0.0239937 0.0115746  0.431224   0.72753   0.694991  0.652479  0.922509   0.898745   0.117974   0.499379   0.665441   0.790811  0.132049  0.00996753 0.904227   0.152594  0.462964  0.514114  0.493981  0.8191      0.670182   0.238188  0.238174  0.337171  0.509109   0.766772  0.0888972 0.231739  0.0397131 0.909924   0.0437366 0.36119   0.193752  0.112632  0.0183522 0.201932   0.0194495 0.224913  0.297185  0.91224   0.678418  0.893971  0.47631   0.320074
0.922023  0.261887  0.259252  0.252181   0.67333   0.728756  0.788157  0.350652   0.638014   0.201431  0.916535  0.380842  0.594791   0.108642   0.759317   0.254602   0.491268   0.658192  0.258406  0.625757   0.56122    0.407201  0.817037  0.559688  0.707139  0.401391    0.0356225  0.128485  0.932636  0.764931  0.855031   0.843672  0.551542  0.868396  0.158238  0.528145   0.544487  0.63065   0.592324  0.306553  0.763836  0.452454   0.0640686 0.0103767 0.832061  0.778243  0.398272  0.947454  0.582145  0.331681
0.851306  0.168823  0.612469  0.454899   0.909419  0.656452  0.726721  0.997782   0.88439    0.257267  0.852742  0.735583  0.169255   0.0346478  0.331828   0.00197191 0.912762   0.396224  0.758005  0.0642536  0.663797   0.324258  0.165616  0.0110596 0.708838  0.594341    0.0929923  0.165383  0.355408  0.672712  0.873371   0.705391  0.804322  0.490086  0.791208  0.0735172  0.10302   0.925008  0.903227  0.835084  0.942055  0.043444   0.721928  0.60616   0.136489  0.0474298 0.304787  0.398591  0.945016  0.169707
0.0783095 0.0832577 0.208178  0.315576   0.741258  0.553835  0.348136  0.234442   0.663853   0.325941  0.997969  0.260348  0.446158   0.104695   0.42973    0.65949    0.337834   0.456403  0.781109  0.0884264  0.906481   0.193848  0.601605  0.134885  0.103038  0.576577    0.245549   0.504599  0.595479  0.251965  0.401036   0.157883  0.0636365 0.963737  0.174331  0.422808   0.157653  0.120142  0.755273  0.905771  0.651648  0.593631   0.0759399 0.842299  0.55798   0.0104028 0.999587  0.42352   0.690444  0.050275
0.380476  0.565791  0.0273123 0.639362   0.124545  0.473318  0.0242852 0.0234887  0.757389   0.867313  0.0509031 0.521046  0.959046   0.900996   0.384302   0.248922   0.324163   0.448572  0.0519243 0.304082   0.210244   0.758785  0.406129  0.97657   0.960542  0.000141118 0.0529687  0.627834  0.986473  0.110331  0.762733   0.956412  0.813832  0.356382  0.0181729 0.403621   0.701137  0.459163  0.84459   0.723104  0.0995656 0.970587   0.615176  0.161189  0.825661  0.396045  0.18414   0.802529  0.290066  0.832936
0.187535  0.290708  0.235859  0.553778   0.972557  0.195042  0.02524   0.161276   0.106      0.739611  0.579881  0.247521  0.00280549 0.971811   0.618817   0.890945   0.170328   0.399407  0.287558  0.181901   0.459762   0.662574  0.877562  0.546405  0.0392775 0.133881    0.744891   0.770959  0.71831   0.842763  0.121099   0.174261  0.113781  0.680919  0.202848  0.916081   0.859189  0.538137  0.961271  0.0312628 0.587545  0.288844   0.371598  0.0122341 0.219974  0.203471  0.598156  0.258533  0.966324  0.595802
0.821708  0.816597  0.44408   0.600962   0.190356  0.658208  0.101999  0.299807   0.825606   0.487333  0.624422  0.866757  0.977809   0.977544   0.415758   0.371676   0.755252   0.820674  0.465937  0.46115    0.030959   0.0715744 0.185319  0.799964  0.388417  0.64386     0.840464   0.23357   0.164537  0.268954  0.152159   0.589837  0.938131  0.0667097 0.143544  0.337354   0.885314  0.856024  0.523226  0.225678  0.375361  0.00385826 0.814282  0.54315   0.168602  0.841364  0.869924  0.611879  0.633286  0.439034
0.062471  0.604646  0.0321014 0.92335    0.188886  0.904572  0.790316  0.468607   0.618633   0.612063  0.477576  0.226074  0.5276     0.0673903  0.45954    0.879308   0.879983   0.330176  0.881741  0.998165   0.161795   0.210472  0.109359  0.5057    0.819841  0.975366    0.667537   0.550871  0.578415  0.314151  0.897667   0.391715  0.110543  0.641507  0.0184642 0.855391   0.613697  0.416665  0.477253  0.131472  0.543862  0.588969   0.683466  0.18332   0.590823  0.926283  0.804771  0.339258  0.985148  0.445273
0.650381  0.564545  0.846593  0.68317    0.467124  0.440659  0.215271  0.0642107  0.727847   0.127901  0.535622  0.646954  0.716385   0.00636312 0.729065   0.160586   0.120265   0.748842  0.682549  0.465856   0.502648   0.952999  0.278592  0.231645  0.548013  0.374914    0.377582   0.0999267 0.583795  0.829449  0.571254   0.3739    0.602973  0.5753    0.974768  0.119711   0.76231   0.223754  0.876373  0.225095  0.0212829 0.705057   0.708375  0.420581  0.140008  0.978781  0.653984  0.769833  0.435842  0.258269
0.712358  0.0475975 0.695496  0.535458   0.856271  0.892085  0.57907   0.719539   0.76501    0.839841  0.453752  0.684179  0.131902   0.865684   0.813798   0.282007   0.00965267 0.981343  0.286104  0.3456     0.472028   0.419118  0.322445  0.262007  0.595807  0.436502    0.678715   0.177218  0.148636  0.332636  0.909807   0.702264  0.356056  0.333867  0.0371026 0.987075   0.592183  0.564981  0.870401  0.0975251 0.624398  0.508687   0.97098   0.170839  0.731271  0.856126  0.658701  0.854967  0.165371  0.860052
0.569928  0.608712  0.760411  0.864998   0.425459  0.655311  0.283247  0.997817   0.0547591  0.238394  0.416515  0.669445  0.289513   0.328495   0.176868   0.996507   0.944131   0.729709  0.979368  0.524556   0.189425   0.358992  0.539141  0.284257  0.335737  0.639468    0.22126    0.0175143 0.599559  0.699409  0.225878   0.656508  0.0272766 0.865364  0.0878891 0.982863   0.611708  0.430266  0.0969141 0.0400115 0.633179  0.628383   0.348673  0.752087  0.63302   0.545584  0.12487   0.622257  0.0169284 0.426661
0.802292  0.3302    0.970154  0.994961   0.657165  0.33429   0.309026  0.0708412  0.616537   0.709044  0.695584  0.690388  0.420191   0.691089   0.727604   0.468523   0.00325382 0.0590374 0.211725  0.876004   0.571733   0.392376  0.731587  0.334268  0.934929  0.669393    0.98139    0.120668  0.0836713 0.768802  0.251949   0.177946  0.50933   0.0455038 0.913075  0.939071   0.807287  0.191429  0.45323   0.629048  0.988788  0.814824   0.159884  0.64182   0.757922  0.470785  0.993015  0.50411   0.534707  0.292085
0.879369  0.243508  0.902556  0.55278    0.888785  0.785339  0.0491319 0.674284   0.350748   0.260299  0.498987  0.550135  0.350338   0.858007   0.395445   0.635993   0.13888    0.602789  0.612008  0.614364   0.00511405 0.352294  0.948568  0.0338907 0.140492  0.327212    0.726403   0.469842  0.540291  0.299336  0.61026    0.394686  0.0344447 0.777578  0.919501  0.642166   0.524624  0.205534  0.124924  0.527914  0.338633  0.912221   0.516616  0.732659  0.941061  0.841636  0.264862  0.712103  0.310242  0.854895
0.793694  0.831376  0.297667  0.534871   0.943555  0.474579  0.551888  0.791096   0.167919   0.539125  0.334117  0.359936  0.924669   0.17359    0.795788   0.408427   0.422967   0.904686  0.0821646 0.745506   0.729401   0.303004  0.98988   0.294754  0.784872  0.832943    0.33501    0.563319  0.0837442 0.958544  0.346199   0.388739  0.0295649 0.0557208 0.861587  0.00596346 0.166716  0.184858  0.231548  0.940405  0.444199  0.924724   0.46279   0.469411  0.524636  0.378978  0.754842  0.80847   0.756728  0.247386
0.88301   0.769421  0.150744  0.574915   0.96677   0.924498  0.515796  0.958254   0.0219101  0.111496  0.499634  0.713307  0.569525   0.365843   0.765524   0.570916   0.296011   0.814909  0.994625  0.367355   0.356552   0.0541339 0.102969  0.165097  0.362692  0.35372     0.189604   0.876865  0.439875  0.728394  0.129915   0.151855  0.834896  0.869421  0.766928  0.31207    0.944936  0.62455   0.219573  0.308006  0.908922  0.351123   0.730669  0.955085  0.732882  0.513362  0.508487  0.558901  0.179371  0.773328
0.310184  0.508042  0.913967  0.504074   0.917448  0.311948  0.60025   0.552105   0.113864   0.549929  0.750167  0.829416  0.861917   0.0796741  0.47391    0.451638   0.95909    0.761245  0.298532  0.663982   0.0836424  0.612172  0.774314  0.190937  0.786372  0.0625298   0.195573   0.486201  0.375835  0.496752  0.588501   0.830391  0.41392   0.861143  0.541048  0.734315   0.278181  0.591046  0.86509   0.627274  0.0750766 0.186032   0.886997  0.29493   0.849478  0.059437  0.403235  0.161731  0.779506  0.20995
0.15479   0.130198  0.251092  0.19613    0.60411   0.262476  0.675752  0.484843   0.788767   0.80633   0.866614  0.553106  0.802854   0.397058   0.78898    0.660337   0.560293   0.430259  0.215527  0.899006   0.411432   0.541703  0.478118  0.634732  0.203267  0.562028    0.50516    0.58204   0.534782  0.0698463 0.867759   0.627988  0.67578   0.690668  0.250443  0.95765    0.397039  0.901873  0.406547  0.51661   0.357916  0.76784    0.503173  0.605851  0.527958  0.658267  0.723482  0.948842  0.474852  0.692455
0.339843  0.506963  0.301468  0.529218   0.928405  0.921406  0.0148985 0.489629   0.575303   0.157963  0.888207  0.838715  0.647734   0.583798   0.357566   0.969229   0.955503   0.310793  0.463317  0.594893   0.303994   0.152962  0.167723  0.991517  0.737377  0.0971053   0.0765586  0.560092  0.719696  0.37058   0.392955   0.22493   0.723784  0.628561  0.630427  0.366631   0.34571   0.726514  0.460684  0.772162  0.670713  0.342671   0.472849  0.777326  0.719585  0.908748  0.985587  0.636894  0.581137  0.0237252
0.0178681 0.743292  0.417533  0.26539    0.35103   0.328785  0.679168  0.0375896  0.596045   0.314782  0.137093  0.670189  0.700485   0.228208   0.903901   0.64378    0.116815   0.661816  0.988909  0.901688   0.35899    0.0104002 0.688683  0.630083  0.916376  0.844315    0.764978   0.27773   0.775096  0.509705  0.782062   0.817196  0.0513294 0.696608  0.135276  0.815813   0.543549  0.614525  0.219917  0.173502  0.241535  0.271051   0.438185  0.361639  0.348342  0.680347  0.088683  0.624321  0.849823  0.975357
0.561871  0.0358756 0.242904  0.377655   0.231328  0.726691  0.39468   0.77916    0.880447   0.388518  0.226378  0.540688  0.760033   0.462624   0.936337   0.416509   0.379557   0.223264  0.445274  0.767576   0.587068   0.636697  0.787831  0.482024  0.198838  0.063477    0.848264   0.316177  0.510597  0.525833  0.882391   0.940068  0.0892534 0.173522  0.516948  0.969008   0.808693  0.710456  0.661676  0.421943  0.2685    0.42325    0.0172212 0.947079  0.867094  0.762738  0.0150763 0.392246  0.369686  0.157962
0.984588  0.73683   0.926691  0.437109   0.995993  0.0241308 0.248238  0.687127   0.816108   0.862633  0.286158  0.326117  0.54112    0.784852   0.0125972  0.529046   0.121786   0.602895  0.194178  0.661235   0.922783   0.991119  0.918917  0.294034  0.86468   0.397546    0.545868   0.964747  0.102755  0.912045  0.976114   0.744434  0.815176  0.529872  0.766793  0.724692   0.536946  0.512102  0.84237   0.828317  0.720092  0.803564   0.53212   0.742156  0.19275   0.212056  0.626411  0.306097  0.570382  0.648088
0.256359  0.953958  0.834692  0.302939   0.823396  0.978444  0.0995798 0.864967   0.870486   0.912122  0.504091  0.706112  0.113235   0.254168   0.883331   0.694332   0.51877    0.287627  0.740849  0.657952   0.178401   0.243993  0.733308  0.851535  0.0879551 0.676453    0.261854   0.0838795 0.392951  0.303812  0.166183   0.36734   0.433198  0.35818   0.516435  0.183115   0.754634  0.528381  0.437275  0.938337  0.333256  0.717088   0.325959  0.324332  0.313245  0.790279  0.20419   0.522203  0.0474167 0.086576
0.286003  0.110388  0.51997   0.40094    0.560739  0.133291  0.503949  0.13999    0.52081    0.986195  0.535976  0.415669  0.0606074  0.651751   0.275365   0.812896   0.149649   0.874235  0.354306  0.325332   0.981296   0.295449  0.732721  0.304669  0.883338  0.0396652   0.124173   0.721319  0.847451  0.633048  0.525805   0.789935  0.825087  0.16589   0.605659  0.953588   0.268196  0.738966  0.448056  0.0571487 0.919655  0.157494   0.389265  0.534657  0.783151  0.301018  0.768755  0.778267  0.92586   0.120229
0.0330906 0.85998   0.0708551 0.21643    0.22275   0.687051  0.548592  0.492668   0.621261   0.405699  0.350447  0.77698   0.224458   0.495558   0.0762061  0.293111   0.263317   0.147749  0.438999  0.365561   0.670737   0.221382  0.899854  0.0151261 0.983352  0.0395259   0.212912   0.766475  0.173471  0.890859  0.882359   0.0132467 0.535292  0.043339  0.0561053 0.69049    0.329377  0.28603   0.111077  0.359822  0.0548486 0.0510066  0.581054  0.439283  0.194624  0.326239  0.0871912 0.832281  0.0396547 0.421853
0.758194  0.848063  0.205101  0.317148   0.0143084 0.187232  0.492763  0.0576371  0.404378   0.973715  0.516844  0.139844  0.528797   0.325547   0.802795   0.0733864  0.803347   0.582276  0.0664537 0.28412    0.62826    0.632103  0.236146  0.418127  0.529876  0.74364     0.577327   0.143932  0.376736  0.138759  0.236997   0.125806  0.801528  0.958042  0.0968686 0.393241   0.773259  0.998295  0.340283  0.714444  0.445204  0.831695   0.0475687 0.347525  0.422043  0.260786  0.848224  0.812029  0.80901   0.944781
0.669058  0.892663  0.3519    0.00705849 0.53324   0.293832  0.751732  0.568462   0.0316937  0.862651  0.841463  0.316243  0.777401   0.549823   0.512257   0.234936   0.688696   0.558372  0.194222  0.32928    0.299425   0.786425  0.0627443 0.977649  0.906209  0.0781349   0.984395   0.402671  0.646538  0.873574  0.752694   0.616845  0.297673  0.791605  0.440359  0.211851   0.265465  0.549479  0.611793  0.0273018 0.793996  0.664297   0.351525  0.446368  0.484795  0.444679  0.393895  0.0989291 0.839248  0.0250321
0.145086  0.382416  0.342692  0.463665   0.548875  0.732955  0.874423  0.967174   0.550013   0.685401  0.77788   0.380465  0.949122   0.278805   0.7482     0.168092   0.72539    0.133354  0.533282  0.500263   0.449232   0.121941  0.300608  0.0924    0.54879   0.00692627  0.422096   0.840056  0.837843  0.361159  0.96066    0.440284  0.76749   0.573543  0.0786723 0.2835     0.68128   0.889229  0.622676  0.609928  0.701477  0.487318   0.48854   0.113888  0.0660046 0.0251604 0.633078  0.28131   0.376143  0.302981
0.86316   0.962374  0.958688  0.679206   0.374806  0.215502  0.285672  0.52275    0.0554556  0.897364  0.562348  0.621412  0.24458    0.41209    0.452731   0.211056   0.142689   0.516037  0.0172927 0.907305   0.845042   0.774713  0.3954    0.544594  0.482869  0.735053    0.287969   0.500284  0.689201  0.286953  0.792701   0.243717  0.964943  0.687979  0.844695  0.750702   0.694454  0.231604  0.0758386 0.0562515 0.476578  0.333541   0.415127  0.219895  0.459968  0.128862  0.792655  0.477174  0.539663  0.256549
0.644763  0.347083  0.435524  0.755225   0.38534   0.0407139 0.0221926 0.439448   0.571258   0.973232  0.799321  0.393523  0.494192   0.939632   0.186721   0.875251   0.950265   0.37456   0.773832  0.788897   0.615107   0.244405  0.913116  0.234799  0.724685  0.562578    0.686312   0.669994  0.577511  0.665403  0.60577    0.407522  0.0714119 0.23687   0.0765018 0.433597   0.641854  0.572555  0.548887  0.857284  0.229047  0.924527   0.0883791 0.723228  0.503371  0.726257  0.0814412 0.967403  0.48459   0.673284
0.878925  0.19167   0.576     0.667721   0.77262   0.132494  0.0893638 0.205238   0.07735    0.612503  0.149404  0.915386  0.549968   0.692917   0.141003   0.658377   0.960599   0.327491  0.754141  0.516232   0.379531   0.482796  0.152159  0.809724  0.492725  0.219997    0.523846   0.455286  0.600549  0.693008  0.717673   0.782072  0.816308  0.760818  0.254084  0.579136   0.246916  0.706796  0.627955  0.751968  0.971913  0.896778   0.676948  0.719037  0.321055  0.588002  0.314781  0.673231  0.475092  0.730361
0.619953  0.500423  0.940899  0.539789   0.906205  0.284352  0.464703  0.893276   0.590702   0.36737   0.150014  0.120344  0.437285   0.343121   0.146007   0.686149   0.919704   0.730341  0.0833657 0.538344   0.642675   0.612173  0.800603  0.666662  0.9672    0.294537    0.0388707  0.966183  0.985607  0.544309  0.930999   0.550883  0.824546  0.686537  0.661596  0.703231   0.276451  0.148492  0.754155  0.17783   0.0701691 0.379514   0.849771  0.490847  0.325495  0.434523  0.300849  0.663361  0.923177  0.543497
0.0250381 0.620508  0.70017   0.373119   0.425208  0.613801  0.710866  0.882306   0.856454   0.774037  0.582251  0.692018  0.00277821 0.212549   0.0340667  0.317852   0.210553   0.90793   0.799403  0.29869    0.477312   0.226006  0.985469  0.360886  0.935867  0.104676    0.914551   0.578654  0.259666  0.303946  0.977081   0.428754  0.963718  0.0448195 0.549726  0.671949   0.878071  0.234401  0.0341086 0.704141  0.594691  0.585745   0.739599  0.268124  0.100236  0.987016  0.397187  0.345832  0.570065  0.640717
0.122891  0.153986  0.745887  0.750012   0.981497  0.09868   0.992003  0.927185   0.140961   0.410814  0.826021  0.69998   0.24391    0.673695   0.893201   0.858139   0.751784   0.917675  0.686048  0.53751    0.827618   0.894651  0.694382  0.27474   0.74739   0.536485    0.360117   0.947221  0.358876  0.689216  0.307801   0.745877  0.933251  0.654151  0.63692   0.596548   0.832381  0.68795   0.289337  0.345994  0.984271  0.0326968  0.150871  0.347372  0.516208  0.259823  0.507294  0.344286  0.137841  0.789554
0.908048  0.98363   0.878427  0.431135   0.954889  0.109038  0.553084  0.0162046  0.304115   0.0841233 0.738346  0.960749  0.258657   0.261622   0.248204   0.89169    0.968106   0.566637  0.753106  0.842249   0.246543   0.973105  0.92828   0.104439  0.664765  0.858946    0.00011193 0.250832  0.990198  0.700924  0.600746   0.200067  0.567966  0.884571  0.840889  0.985694   0.92782   0.110984  0.510386  0.17608   0.507133  0.290084   0.612842  0.956445  0.68304   0.249325  0.975723  0.236248  0.879476  0.496537
0.587403  0.0863564 0.392024  0.676014   0.0550016 0.800557  0.389796  0.281304   0.899846   0.788764  0.406487  0.0851154 0.282062   0.89395    0.750929   0.588118   0.929678   0.588747  0.710932  0.79747    0.816979   0.753006  0.50564   0.994653  0.574706  0.216058    0.378556   0.919412  0.981728  0.747139  0.851608   0.180882  0.852359  0.744229  0.306062  0.0482802  0.529435  0.647831  0.752489  0.471023  0.20512   0.773049   0.415654  0.443027  0.642144  0.544975  0.613512  0.422816  0.0542261 0.706685
0.561994  0.703596  0.710337  0.503888   0.0447962 0.394081  0.0619331 0.181719   0.663544   0.0117489 0.455802  0.921991  0.98465    0.848637   0.30415    0.343625   0.913275   0.497384  0.995174  0.677565   0.716316   0.164543  0.184117  0.385106  0.0330481 0.880882    0.556105   0.100479  0.904731  0.0347743 0.463831   0.24072   0.888494  0.415094  0.462625  0.940115   0.695945  0.665512  0.0948837 0.842322  0.0688081 0.607481   0.416224  0.454032  0.249243  0.933123  0.48075   0.304022  0.924074  0.567447
0.950414  0.708832  0.118877  0.283908   0.973597  0.921731  0.90031   0.00719009 0.660924   0.219738  0.607199  0.766731  0.268084   0.0484003  0.874459   0.426944   0.872774   0.190888  0.356613  0.463372   0.957213   0.779711  0.686454  0.42665   0.681589  0.167442    0.13966    0.368161  0.0803355 0.779479  0.912824   0.435034  0.0116128 0.798726  0.884655  0.411777   0.124669  0.593034  0.73837   0.204686  0.764099  0.813415   0.0863046 0.0815323 0.601871  0.798282  0.918386  0.316507  0.291686  0.214201
B
0.555137 0.593832 0.704256 0.204056 0.963484 0.391469 0.284052 0.0131488 0.157787 0.119508 0.882504 0.941237 0.400257 0.623781 0.601996 0.331331 0.347551 0.140388 0.229247 0.918443 0.511378 0.0552647 0.252196 0.107825 0.796953 0.321443 0.398848 0.103848 0.484942 0.774083 0.00481283 0.112778 0.33588 0.685049 0.922446 0.137921 0.0804768 0.906637 0.339855 0.502375 0.943499 0.957343 0.0729073 0.148338 0.511236 0.627089 0.804024 0.348319 0.778597 0.920553
X
-1.03113 0.416826 1.0113 0.666951 1.52784 -0.446037 0.674279 -0.75864 0.448317 -0.447058 -0.500125 -0.0620705 1.04898 -0.241211 -1.84399 -1.33887 0.232517 0.0674443 0.319779 0.620167 1.00748 0.666366 1.30642 0.806379 -0.964343 0.724733 0.241559 0.102933 -0.847185 -1.52239 0.335021 -2.1532 -0.256027 -0.649088 -0.738865 -1.46425 0.979404 2.01114 0.303641 -1.66995 1.32516 0.543236 0.280176 -0.0380969 1.94191 -0.255721 -1.31953 0.453761 0.176337 -0.696899
Determinant
143553.