A
0.304318  0.0128438 0.92672  0.0209654 0.755137  0.651    0.83239   0.244113  0.294877 0.984879
0.121952  0.288299  0.297987 0.436383  0.28225   0.394326 0.213667  0.999494  0.363569 0.735916
0.0927585 0.702001  0.47686  0.500014  0.618665  0.407101 0.113112  0.582168  0.867934 0.894226
0.832124  0.99134   0.12395  0.67939   0.600568  0.79678  0.0234232 0.0851584 0.94338  0.0599544
0.514285  0.203092  0.473667 0.0950613 0.602293  0.296415 0.0900917 0.867447  0.017452 0.691069
0.256813  0.560026  0.468924 0.548574  0.136985  0.031707 0.568564  0.879839  0.214894 0.343236
0.221938  0.202302  0.377621 0.394011  0.605442  0.14601  0.260439  0.411228  0.895423 0.105981
0.733799  0.806167  0.817065 0.399627  0.0982951 0.356116 0.0565644 0.663797  0.964    0.358195
0.872634  0.176376  0.54083  0.844083  0.884578  0.830435 0.0514802 0.658499  0.463673 0.543894
0.0785212 0.501553  0.601989 0.205424  0.957042  0.717795 0.610258  0.0134733 0.949604 0.892519
B
0.162523 0.498019 0.521625 0.624786 0.221792 0.895449 0.0860607 0.612482 0.66269 0.170765
X
-0.689268 0.769494 0.862046 0.822567 -0.0296145 0.587977 -0.132632 0.215024 -0.702436 -0.557521
Determinant
-0.00757251