A
5.00824   -0.243221 -0.964756  -0.0456555 -0.700626 -0.169006
-0.357649 3.26765   -0.723467  0.138347   -0.109049 0.024237
0.481743  -0.507936 6.89264    0.787134   -0.448871 0.628978
-0.366442 -0.730441 0.489928   4.88664    0.0684313 -0.150386
0.764484  -0.317031 -0.17187   -0.244435  5.43437   -0.875192
-0.65927  0.116752  -0.0854533 0.567641   0.497243  5.55338
B
-1.43093 -1.90611 -2.02747 -2.73946 -1.11175 -2.43252
X
-0.418515 -0.65573 -0.219531 -0.675813 -0.28296 -0.382887
Determinant
16986.8