A
0.293672 0.728181  0.940846 0.0515226 0.958268  0.753649  0.494625  0.838685
0.389347 0.0758115 0.544249 0.286473  0.309823  0.123294  0.917991  0.695838
0.582217 0.395699  0.233295 0.0551648 0.709812  0.520958  0.814891  0.92933
0.195778 0.604304  0.871247 0.895526  0.0372247 0.216652  0.77553   0.797011
0.281882 0.472642  0.498673 0.672501  0.34374   0.613719  0.140421  0.254194
0.664399 0.710636  0.349959 0.503167  0.515998  0.828713  0.240586  0.237329
0.327038 0.343816  0.31128  0.734006  0.227223  0.0630814 0.429892  0.633079
0.183347 0.324248  0.846984 0.931094  0.658126  0.632198  0.0968881 0.0405658
B
0.700237 0.196624 0.330379 0.658507 0.806927 0.559055 0.864474 0.76586
X
1.35817 -1.07013 0.889665 0.471204 -0.55661 0.286779 -2.3213 2.00878
Determinant
0.0064699