A
0.200068  0.00486407 0.159218   0.100927   0.654294   0.766519  0.709708  0.731656  0.117835  0.67883   0.203641  0.626635   0.659579   0.545561  0.681102   0.0766604  0.632821  0.530056  0.635636  0.559926  0.553222   0.718632  0.0775774  0.151913  0.862015  0.153407  0.770521  0.929368   0.449476  0.423859  0.648957   0.946944  0.757916  0.594582   0.0103248 0.507656  0.850926   0.337251   0.620002  0.315964  0.918014  0.0515355    0.0190185 0.766523  0.564127  0.818939  0.550674  0.262846   0.996233  0.950553   0.689927    0.370317    0.634382   0.595852  0.613278   0.634587   0.270062  0.229199  0.42912   0.532886
0.992659  0.365129   0.625462   0.923134   0.133638   0.300836  0.105245  0.975896  0.44544   0.805524  0.909806  0.236697   0.551237   0.669919  0.722469   0.071403   0.772701  0.184461  0.50522   0.335972  0.87603    0.330036  0.189881   0.168632  0.489834  0.948384  0.760289  0.905832   0.736899  0.57099   0.91757    0.815501  0.751519  0.619818   0.0940846 0.150473  0.900576   0.918917   0.583826  0.787846  0.447802  0.955266     0.158946  0.511642  0.453973  0.0312955 0.454557  0.231675   0.718945  0.105129   0.748138    0.787815    0.213436   0.905988  0.202853   0.240837   0.198616  0.100215  0.537491  0.874428
0.298911  0.944072   0.0838912  0.318598   0.524966   0.364435  0.216637  0.845781  0.151607  0.283962  0.840693  0.236742   0.417454   0.809253  0.501378   0.0101918  0.290044  0.409949  0.915058  0.180653  0.470778   0.763128  0.310194   0.929257  0.909264  0.585883  0.297097  0.749257   0.268818  0.0128704 0.858705   0.241268  0.679819  0.620736   0.481445  0.356181  0.846982   0.861787   0.324886  0.329153  0.1437    0.375492     0.361386  0.963764  0.115724  0.606983  0.083744  0.0866432  0.2439    0.297587   0.85839     0.602762    0.00894951 0.351975  0.420211   0.272929   0.388877  0.748955  0.294738  0.511729
0.71201   0.546621   0.559197   0.258419   0.310417   0.686915  0.612779  0.0461423 0.0342612 0.146456  0.729615  0.784994   0.350442   0.185819  0.0257713  0.00136321 0.594584  0.267404  0.75352   0.837164  0.882556   0.527913  0.691153   0.471288  0.943445  0.428242  0.706268  0.824059   0.391464  0.147652  0.951674   0.532565  0.697422  0.559153   0.776368  0.933315  0.247999   0.348207   0.18809   0.972666  0.429652  0.904513     0.983125  0.913568  0.471463  0.730319  0.0053487 0.972682   0.354733  0.375162   0.91765     0.798484    0.635034   0.0634329 0.377069   0.682174   0.285421  0.12489   0.236678  0.348866
0.707045  0.257756   0.208155   0.841201   0.0410273  0.312006  0.956019  0.303532  0.487075  0.140485  0.296157  0.869703   0.906089   0.282308  0.809936   0.533747   0.981755  0.945444  0.760938  0.558916  0.370564   0.269516  0.921478   0.909882  0.925334  0.47726   0.242725  0.741856   0.175565  0.379835  0.726967   0.580081  0.828992  0.798204   0.862171  0.0747667 0.436174   0.449113   0.115801  0.958015  0.920967  0.770476     0.295839  0.823953  0.844425  0.537336  0.387549  0.0927289  0.990681  0.559977   0.000816142 0.171149    0.0405858  0.35493   0.896307   0.757052   0.163877  0.417914  0.850872  0.173659
0.485     0.193048   0.263269   0.725464   0.579986   0.273314  0.689725  0.422853  0.734639  0.158877  0.70826   0.60331    0.015361   0.779793  0.836497   0.91524    0.251977  0.0294086 0.73158   0.943121  0.443275   0.75444   0.0888329  0.101532  0.918584  0.717113  0.588802  0.186577   0.843898  0.0859489 0.466909   0.0817913 0.461702  0.343013   0.55877   0.0536244 0.0268545  0.544294   0.115325  0.570297  0.557822  0.0678254    0.523066  0.572566  0.938322  0.0586908 0.714669  0.294416   0.565315  0.598762   0.405291    0.59309     0.994791   0.542889  0.904437   0.105784   0.086282  0.884868  0.497898  0.676259
0.62077   0.562718   0.581512   0.820108   0.39969    0.145815  0.619527  0.854893  0.178623  0.134813  0.751145  0.322434   0.473906   0.292193  0.938308   0.116139   0.334776  0.812586  0.878905  0.662581  0.125873   0.884799  0.226163   0.948234  0.205523  0.345926  0.50415   0.00237067 0.5989    0.711501  0.301751   0.370716  0.0625029 0.806494   0.47639   0.487671  0.78748    0.796243   0.801956  0.955695  0.576142  0.231501     0.336557  0.401704  0.116416  0.0172936 0.378139  0.427529   0.440195  0.990344   0.253101    0.266989    0.00062194 0.268754  0.898618   0.039033   0.0388718 0.0849586 0.0558104 0.0436557
0.986152  0.045158   0.99895    0.669344   0.532915   0.118479  0.0889278 0.554998  0.752525  0.608507  0.997912  0.938549   0.276952   0.693264  0.396351   0.573093   0.454136  0.74671   0.825291  0.219959  0.366614   0.647212  0.647379   0.520957  0.0512834 0.793589  0.19293   0.65861    0.960313  0.105424  0.22751    0.894805  0.517173  0.382364   0.503199  0.247035  0.808138   0.47079    0.721569  0.217277  0.296754  0.151509     0.849362  0.269518  0.555479  0.752768  0.0505329 0.565496   0.242019  0.893131   0.712393    0.526826    0.752397   0.194044  0.229085   0.233901   0.752058  0.989301  0.114836  0.832345
0.391909  0.934091   0.284028   0.26434    0.191363   0.458464  0.743717  0.912514  0.527743  0.57003   0.252285  0.405724   0.411898   0.264724  0.147417   0.409984   0.998103  0.609615  0.0740061 0.195742  0.942232   0.122201  0.518181   0.723117  0.990812  0.913321  0.162433  0.256503   0.897785  0.749172  0.0578545  0.179093  0.910116  0.675988   0.810824  0.0714123 0.292191   0.827885   0.0410628 0.635235  0.986875  0.646501     0.295963  0.216859  0.197626  0.406044  0.451908  0.992243   0.781539  0.43394    0.192671    0.918721    0.448116   0.222444  0.146727   0.4675     0.238206  0.303167  0.796144  0.712104
0.956624  0.87365    0.0286957  0.534505   0.341211   0.364616  0.833292  0.132845  0.498126  0.78325   0.167996  0.733236   0.0715979  0.615601  0.511669   0.862962   0.571515  0.734272  0.769275  0.473139  0.104363   0.602214  0.731081   0.614655  0.154236  0.186456  0.90019   0.570682   0.290948  0.534132  0.220128   0.639659  0.0959956 0.864695   0.215445  0.833612  0.849456   0.837447   0.493375  0.261201  0.727476  0.655297     0.153153  0.471743  0.298993  0.0250939 0.299163  0.00199453 0.034153  0.898389   0.25353     0.903738    0.118587   0.161952  0.915775   0.20854    0.618177  0.261933  0.281076  0.197561
0.912145  0.779229   0.0292065  0.485566   0.603218   0.678659  0.850837  0.815373  0.629137  0.52599   0.300518  0.799672   0.824773   0.609092  0.387389   0.002511   0.295434  0.872712  0.297701  0.229471  0.912921   0.999155  0.15465    0.398987  0.880798  0.91444   0.374916  0.0211812  0.502727  0.779015  0.269984   0.491454  0.467636  0.443522   0.86249   0.245001  0.517537   0.802663   0.187919  0.0520169 0.459494  0.695975     0.726286  0.680441  0.705553  0.630429  0.0891818 0.494917   0.758085  0.772952   0.723724    0.00708272  0.582661   0.559596  0.227471   0.0870429  0.520028  0.691913  0.195207  0.0816516
0.391668  0.956183   0.959845   0.126182   0.193742   0.476939  0.570982  0.414472  0.305954  0.191156  0.797196  0.927545   0.728131   0.391309  0.369773   0.562695   0.778869  0.829776  0.564566  0.889863  0.84659    0.198671  0.500063   0.15495   0.459527  0.652655  0.640881  0.313867   0.717664  0.852202  0.0899586  0.206827  0.729575  0.0841002  0.538724  0.0499995 0.840218   0.0297192  0.482377  0.851169  0.957377  0.552988     0.918509  0.339591  0.834462  0.818655  0.0541699 0.233752   0.183692  0.98453    0.0475511   0.892044    0.311102   0.0494139 0.404409   0.711422   0.813991  0.371956  0.589321  0.342159
0.348481  0.544625   0.620855   0.133723   0.995416   0.187522  0.774655  0.233561  0.0427994 0.747261  0.68649   0.868513   0.991526   0.385931  0.660067   0.581797   0.721636  0.361768  0.0294009 0.0746025 0.954526   0.511503  0.727407   0.35605   0.908301  0.0313476 0.139104  0.328629   0.915985  0.150162  0.809748   0.279086  0.419694  0.449292   0.928603  0.097916  0.250372   0.0166009  0.101188  0.748439  0.892679  0.98935      0.3289    0.0885201 0.807211  0.952714  0.679456  0.800013   0.935654  0.419924   0.425863    0.482292    0.741426   0.180445  0.478516   0.376934   0.992881  0.117453  0.761002  0.411416
0.930497  0.247505   0.472875   0.779786   0.652129   0.113312  0.380948  0.526294  0.238897  0.889676  0.302244  0.227191   0.624791   0.439394  0.215642   0.805502   0.793537  0.920487  0.444259  0.848943  0.76803    0.259486  0.788947   0.150695  0.0164361 0.460618  0.655407  0.80645    0.142545  0.320378  0.979323   0.795149  0.54823   0.943633   0.588041  0.0401145 0.420773   0.577287   0.0579463 0.895232  0.617125  0.944581     0.0203789 0.701965  0.553107  0.0502029 0.851398  0.788392   0.9341    0.252813   0.780512    0.900469    0.966227   0.707823  0.169274   0.148628   0.0832244 0.0405595 0.140718  0.0585865
0.631913  0.646771   0.00921716 0.231323   0.987312   0.517134  0.748399  0.707095  0.190587  0.507855  0.651697  0.848853   0.286122   0.693721  0.192196   0.805308   0.55392   0.667886  0.868609  0.432886  0.74782    0.0665276 0.604953   0.177895  0.0576775 0.286747  0.437498  0.666987   0.638653  0.677972  0.559018   0.468434  0.400856  0.979289   0.891821  0.677267  0.670777   0.821701   0.492077  0.709886  0.962627  0.538735     0.225337  0.658723  0.765775  0.230472  0.448622  0.335203   0.864787  0.0819813  0.218762    0.59355     0.850992   0.376494  0.224328   0.211103   0.716527  0.487978  0.305369  0.247653
0.16413   0.126457   0.393862   0.370265   0.901414   0.561017  0.852808  0.706896  0.451334  0.936251  0.623153  0.351561   0.84247    0.581264  0.0380692  0.490741   0.819642  0.22386   0.789012  0.187742  0.0384683  0.0178609 0.86233    0.851299  0.850798  0.598681  0.984302  0.133057   0.113992  0.373806  0.675478   0.237196  0.0381819 0.705563   0.230842  0.684391  0.139568   0.838477   0.630873  0.480923  0.430872  0.97385      0.976942  0.319015  0.248777  0.362934  0.079047  0.881925   0.424087  0.163018   0.485917    0.264113    0.462601   0.380123  0.168537   0.932164   0.643816  0.345732  0.31703   0.933591
0.158534  0.137169   0.685356   0.745326   0.767028   0.108854  0.0729695 0.331294  0.927517  0.481903  0.451646  0.00961827 0.0758928  0.441287  0.0676143  0.944442   0.528497  0.192701  0.926945  0.991455  0.395491   0.119177  0.434432   0.654881  0.0460778 0.831587  0.590026  0.0577489  0.976664  0.911094  0.294935   0.129414  0.715129  0.650929   0.241178  0.899417  0.941264   0.0908241  0.233713  0.975422  0.620975  0.194641     0.837376  0.370044  0.984366  0.997758  0.166063  0.785742   0.0774812 0.891065   0.988625    0.230505    0.0370941  0.889559  0.468956   0.0313214  0.334848  0.226813  0.0598499 0.320272
0.643136  0.912557   0.607408   0.669744   0.306506   0.159004  0.733085  0.194707  0.0951568 0.367634  0.169039  0.146093   0.342648   0.44387   0.0773892  0.597273   0.964197  0.712992  0.0445247 0.303106  0.529512   0.464242  0.544507   0.887106  0.17061   0.439364  0.588894  0.799064   0.252031  0.345768  0.432278   0.435271  0.971845  0.0962756  0.505497  0.0306377 0.566889   0.164838   0.659475  0.344117  0.117966  0.804531     0.0810323 0.184564  0.990901  0.29111   0.4279    0.228651   0.988361  0.123349   0.57333     0.0339725   0.0714944  0.0352475 0.911381   0.781863   0.69727   0.887811  0.498915  0.575761
0.147812  0.979747   0.325756   0.393553   0.322328   0.224384  0.227785  0.0207242 0.0269476 0.579002  0.287766  0.989356   0.75382    0.926779  0.17236    0.0456977  0.80365   0.870807  0.112324  0.0378504 0.971829   0.619451  0.856311   0.984724  0.880934  0.805997  0.272458  0.770274   0.936079  0.40823   0.0265067  0.644512  0.748081  0.561418   0.0323271 0.141521  0.371433   0.0381064  0.0491012 0.39944   0.838981  0.966678     0.803603  0.387565  0.590139  0.122271  0.277872  0.501679   0.20678   0.201953   0.543089    0.986882    0.55519    0.0523032 0.121791   0.147528   0.449891  0.977113  0.451783  0.237119
0.724723  0.636      0.64985    0.018616   0.00129149 0.687719  0.612253  0.8504    0.068766  0.184561  0.435434  0.775261   0.233407   0.624979  0.994077   0.868835   0.973631  0.808661  0.187095  0.467551  0.487238   0.85225   0.294939   0.508142  0.343808  0.493129  0.394233  0.948295   0.132848  0.869207  0.0692132  0.83279   0.119616  0.208082   0.753088  0.513783  0.894551   0.0146254  0.375684  0.916464  0.0111002 0.766437     0.974117  0.341326  0.406435  0.801401  0.83852   0.962124   0.507296  0.976204   0.255914    0.348384    0.918413   0.13375   0.748448   0.467895   0.548873  0.405884  0.687064  0.403181
0.0358799 0.0796805  0.717709   0.0891788  0.133989   0.814772  0.0134068 0.261177  0.639653  0.901876  0.492738  0.0556972  0.546253   0.0681626 0.743823   0.0949575  0.815865  0.810964  0.0151514 0.435623  0.651569   0.455333  0.638308   0.353678  0.734567  0.348217  0.782797  0.0904486  0.0901699 0.675738  0.393295   0.571268  0.595743  0.27377    0.643516  0.87328   0.0340974  0.564315   0.656958  0.101345  0.438513  0.269539     0.926843  0.589026  0.806903  0.853918  0.0228923 0.428198   0.525803  0.450816   0.0363984   0.885515    0.395424   0.214281  0.715495   0.0102605  0.912974  0.266107  0.223459  0.446919
0.899637  0.808441   0.28479    0.605184   0.477598   0.295589  0.996912  0.0348208 0.0855795 0.753033  0.656101  0.587268   0.00916202 0.466663  0.385145   0.220226   0.397319  0.797464  0.404926  0.78832   0.913796   0.85785   0.30015    0.809304  0.917365  0.685455  0.576191  0.466804   0.292261  0.49239   0.545848   0.334753  0.733868  0.636913   0.427571  0.451345  0.716853   0.903501   0.992964  0.332731  0.393082  0.827894     0.378674  0.396395  0.414055  0.631009  0.834598  0.361519   0.162798  0.891533   0.526415    0.371602    0.0798741  0.0152375 0.335324   0.120367   0.0741028 0.200896  0.228093  0.830228
0.226221  0.653361   0.229091   0.280234   0.505479   0.949253  0.0574312 0.153694  0.0249977 0.180362  0.314336  0.996223   0.795672   0.546539  0.886025   0.454996   0.604448  0.870703  0.0576856 0.256959  0.713382   0.295189  0.0790011  0.486261  0.906863  0.928248  0.909044  0.3615     0.865421  0.311241  0.276869   0.177318  0.879625  0.588579   0.230363  0.262894  0.00298442 0.110035   0.0758349 0.91717   0.711777  0.84842      0.145984  0.339973  0.274164  0.14373   0.325904  0.551864   0.813558  0.589523   0.315062    0.617831    0.451054   0.493175  0.0457933  0.760739   0.162233  0.913823  0.445996  0.101005
0.86011   0.078548   0.589972   0.770863   0.472764   0.970203  0.251517  0.750909  0.487391  0.0934739 0.970269  0.841949   0.171649   0.0303618 0.46798    0.960974   0.553033  0.121984  0.642281  0.566798  0.677865   0.255505  0.635529   0.16309   0.205374  0.880781  0.278938  0.0560427  0.0641764 0.0586409 0.49131    0.299071  0.0991238 0.494812   0.712123  0.300758  0.0522348  0.204655   0.653923  0.100707  0.100781  0.658361     0.437677  0.537951  0.340206  0.388117  0.865599  0.981495   0.165564  0.345206   0.305979    0.948887    0.66654    0.546088  0.493019   0.908795   0.119064  0.779651  0.441389  0.494271
0.608124  0.361209   0.0986762  0.885334   0.955297   0.899285  0.70734   0.948116  0.2874    0.839808  0.765241  0.211342   0.675348   0.114365  0.295829   0.534216   0.303241  0.877613  0.201239  0.74415   0.222293   0.0716583 0.545679   0.631234  0.346217  0.539035  0.466257  0.971449   0.832217  0.208882  0.823215   0.792106  0.068834  0.808303   0.0286789 0.81739   0.249885   0.850334   0.123226  0.697584  0.422168  0.0396406    0.670742  0.107962  0.22089   0.883215  0.851737  0.266483   0.427854  0.138422   0.97666     0.00836888  0.237272   0.888676  0.634797   0.223227   0.0114331 0.0808437 0.722253  0.713753
0.862235  0.90745    0.647482   0.685361   0.844868   0.621645  0.776886  0.903003  0.815832  0.833523  0.66894   0.254147   0.266175   0.374676  0.515201   0.908639   0.944162  0.953887  0.802162  0.620949  0.839188   0.742364  0.594165   0.91851   0.774971  0.808857  0.166686  0.873572   0.703866  0.509121  0.424812   0.467647  0.493797  0.493397   0.849584  0.950295  0.795845   0.951418   0.231882  0.776172  0.357367  0.28278      0.132017  0.295626  0.140214  0.302223  0.260845  0.193543   0.0930009 0.934629   0.945261    0.0513889   0.87534    0.167627  0.439787   0.582484   0.0187374 0.785757  0.177202  0.933892
0.560387  0.160076   0.757582   0.69238    0.981298   0.712022  0.355916  0.725823  0.255183  0.0157301 0.136762  0.992068   0.986267   0.880794  0.690946   0.612197   0.202056  0.692911  0.392367  0.449784  0.135794   0.947267  0.238222   0.0494644 0.556287  0.120297  0.108886  0.518277   0.445364  0.759485  0.304501   0.826234  0.345775  0.00475713 0.404462  0.964021  0.0699788  0.324343   0.889169  0.142508  0.327174  0.172699     0.110107  0.934816  0.631521  0.112775  0.313045  0.57881    0.7106    0.891827   0.670026    0.186887    0.844603   0.0263094 0.0271142  0.431776   0.279364  0.957555  0.656101  0.534877
0.946931  0.572903   0.923566   0.146716   0.324284   0.758465  0.742876  0.695649  0.639679  0.867423  0.410919  0.698418   0.00197547 0.0575447 0.741195   0.575227   0.0872556 0.689274  0.92089   0.485799  0.62387    0.371662  0.405721   0.392581  0.119251  0.134046  0.215346  0.559256   0.465868  0.398694  0.863848   0.524442  0.975904  0.0529511  0.655504  0.984186  0.888881   0.437935   0.356472  0.436199  0.612158  0.148291     0.769317  0.829884  0.375118  0.97223   0.37269   0.0694878  0.0560102 0.644276   0.218299    0.60918     0.0428763  0.581642  0.685898   0.505518   0.517206  0.655028  0.447003  0.381325
0.739283  0.916599   0.111897   0.810444   0.510153   0.586713  0.844506  0.154408  0.98691   0.995238  0.646234  0.267598   0.777166   0.572339  0.0992464  0.815679   0.71647   0.047257  0.426855  0.893125  0.73273    0.236786  0.398265   0.154762  0.651992  0.309315  0.0207366 0.055889   0.880227  0.405156  0.524986   0.319841  0.0104529 0.1348     0.686896  0.32134   0.727929   0.710575   0.216539  0.727856  0.890582  0.956114     0.203652  0.259162  0.539665  0.821423  0.285317  0.367366   0.324711  0.631277   0.233744    0.327083    0.55359    0.956956  0.296666   0.216151   0.832344  0.100714  0.540751  0.338994
0.781737  0.565087   0.734188   0.766143   0.266695   0.121336  0.590027  0.681049  0.285231  0.688821  0.0510275 0.356341   0.49817    0.977158  0.792073   0.208177   0.382523  0.235863  0.705996  0.522028  0.586278   0.598811  0.859753   0.320829  0.8187    0.974712  0.859474  0.219285   0.948365  0.198732  0.449023   0.626436  0.848519  0.993995   0.913951  0.121058  0.175201   0.783048   0.694898  0.200944  0.247089  0.762574     0.429936  0.319319  0.213174  0.800246  0.996485  0.600509   0.337611  0.207086   0.448769    0.83571     0.320729   0.834122  0.819895   0.146512   0.261118  0.636861  0.25758   0.606613
0.0746467 0.756789   0.327843   0.211802   0.0888757  0.578061  0.967558  0.903217  0.166035  0.283461  0.20802   0.447269   0.0463862  0.564058  0.640256   0.571824   0.726294  0.139088  0.205082  0.842472  0.796224   0.212691  0.285285   0.721545  0.302482  0.0814326 0.899978  0.916118   0.945967  0.378965  0.861507   0.829973  0.071908  0.623716   0.915215  0.305009  0.28304    0.126873   0.096248  0.409758  0.790394  0.0363386    0.968595  0.493498  0.564627  0.867018  0.868704  0.24804    0.247482  0.941907   0.55444     0.473159    0.196318   0.803173  0.499481   0.148587   0.319471  0.567239  0.747723  0.304142
0.207248  0.520989   0.190152   0.524936   0.530323   0.149212  0.303107  0.171149  0.840276  0.446197  0.344524  0.369867   0.361241   0.800251  0.692103   0.389952   0.494944  0.805857  0.732469  0.346538  0.472054   0.932519  0.163779   0.985698  0.602316  0.384988  0.352168  0.290073   0.681045  0.29006   0.00894777 0.62167   0.793634  0.688096   0.93703   0.553254  0.593728   0.279785   0.671009  0.679534  0.696576  0.0498989    0.416416  0.478983  0.271497  0.237497  0.78182   0.534268   0.63121   0.261603   0.864851    0.595572    0.0930812  0.951482  0.482848   0.378459   0.656298  0.382514  0.300875  0.373017
0.391568  0.257982   0.395768   0.19897    0.959238   0.383379  0.208731  0.210648  0.913377  0.818141  0.339124  0.324251   0.35362    0.0121758 0.349838   0.783163   0.882305  0.503817  0.252424  0.691429  0.842113   0.896715  0.22002    0.652737  0.979556  0.481192  0.791784  0.142552   0.221322  0.966089  0.763912   0.811779  0.437886  0.487083   0.483336  0.0764203 0.616972   0.938848   0.567893  0.774422  0.179101  0.130464     0.692801  0.119265  0.0494604 0.726652  0.919392  0.774567   0.179663  0.899125   0.0890486   0.988352    0.199364   0.184064  0.604041   0.197893   0.694753  0.531627  0.864944  0.826427
0.771369  0.206701   0.838775   0.745459   0.829424   0.567834  0.0375667 0.854862  0.681235  0.54805   0.453483  0.368023   0.467007   0.994742  0.639063   0.890212   0.063972  0.880118  0.340297  0.113174  0.579146   0.257423  0.76993    0.497468  0.0920284 0.0820587 0.631876  0.532833   0.36083   0.364004  0.400605   0.0457428 0.0649411 0.827719   0.968428  0.28861   0.0861666  0.956219   0.401182  0.895821  0.566458  0.488988     0.126203  0.852642  0.978311  0.476032  0.0816702 0.212912   0.693441  0.692955   0.44453     0.887614    0.387036   0.286546  0.149821   0.122912   0.445641  0.314526  0.854111  0.728962
0.22866   0.422189   0.0501808  0.833738   0.556818   0.518649  0.967415  0.95214   0.920453  0.950386  0.790734  0.433307   0.836307   0.490912  0.0846634  0.596091   0.22065   0.444241  0.571139  0.379694  0.712939   0.990746  0.396831   0.151626  0.298756  0.240722  0.973313  0.101507   0.789616  0.937725  0.0333749  0.535922  0.318678  0.655182   0.941264  0.0515018 0.495891   0.413918   0.458665  0.749589  0.584198  0.268061     0.822367  0.43469   0.567152  0.788945  0.944385  0.943121   0.413758  0.799723   0.923638    0.274052    0.565711   0.0743272 0.515067   0.865029   0.147031  0.77393   0.702195  0.394601
0.54875   0.15651    0.564089   0.175448   0.14001    0.389901  0.549299  0.0116816 0.592626  0.028286  0.257521  0.723857   0.779371   0.619533  0.652457   0.908177   0.521925  0.973226  0.907678  0.449547  0.903514   0.934975  0.116735   0.671492  0.350067  0.0738991 0.164019  0.565245   0.723272  0.646639  0.401074   0.0722752 0.47089   0.856215   0.728409  0.0258584 0.163212   0.154798   0.994812  0.357755  0.322791  0.620814     0.370344  0.929375  0.380683  0.261507  0.593316  0.181231   0.179663  0.0563742  0.789272    0.193518    0.276866   0.576277  0.205226   0.654642   0.784166  0.306456  0.309292  0.586947
0.0700016 0.870977   0.692329   0.500275   0.651334   0.266586  0.646335  0.280443  0.383167  0.268295  0.548436  0.217441   0.125519   0.0269974 0.224963   0.765862   0.708286  0.958282  0.17596   0.530113  0.533386   0.189184  0.218733   0.541972  0.816434  0.640631  0.229435  0.0538129  0.728225  0.370878  0.139226   0.227305  0.087338  0.028985   0.249265  0.395718  0.894387   0.780964   0.907901  0.857121  0.197672  0.822711     0.568811  0.690541  0.488722  0.378342  0.648886  0.347785   0.394228  0.771453   0.693014    0.991827    0.708885   0.729287  0.00985173 0.797022   0.529857  0.379267  0.136104  0.246961
0.0404478 0.585402   0.904616   0.675747   0.625545   0.778123  0.98048   0.0166583 0.812023  0.263086  0.267479  0.392153   0.167189   0.901216  0.00511617 0.228356   0.713336  0.284398  0.346757  0.925963  0.316156   0.101917  0.242621   0.636288  0.245436  0.551846  0.282401  0.188508   0.253534  0.0778713 0.0789338  0.872726  0.194692  0.686517   0.75049   0.872647  0.371296   0.0255947  0.5004    0.42587   0.453026  0.333804     0.167952  0.647749  0.436096  0.0666099 0.47849   0.318076   0.887683  0.73701    0.465767    0.565734    0.976201   0.154887  0.0985975  0.110759   0.292235  0.268341  0.521796  0.599922
0.21674   0.700391   0.644985   0.43372    0.640216   0.941738  0.6505    0.104656  0.615758  0.438597  0.933738  0.601701   0.859599   0.987554  0.320325   0.414637   0.953672  0.183622  0.396569  0.556895  0.127427   0.324627  0.866427   0.318613  0.548301  0.710498  0.729723  0.0407233  0.507994  0.500674  0.237743   0.224822  0.633568  0.561487   0.18717   0.558913  0.609159   0.524294   0.648778  0.23509   0.570837  0.185613     0.947454  0.498235  0.874643  0.674102  0.585104  0.268073   0.858587  0.21794    0.139946    0.583954    0.408686   0.371027  0.693173   0.982134   0.0175397 0.133719  0.587307  0.395225
0.394825  0.555025   0.110908   0.154062   0.733104   0.900866  0.0761805 0.629547  0.0626997 0.751251  0.741398  0.0795906  0.0950088  0.86121   0.871675   0.941911   0.579221  0.489745  0.122114  0.726973  0.76093    0.978108  0.969192   0.530176  0.0461528 0.677781  0.133232  0.321428   0.254522  0.0606054 0.36467    0.0695882 0.830172  0.267358   0.491373  0.0818407 0.739598   0.673365   0.982402  0.570752  0.380404  0.18992      0.988308  0.941837  0.833243  0.986144  0.369449  0.624699   0.589894  0.873242   0.150998    0.202314    0.452327   0.440358  0.0295201  0.546151   0.100411  0.0759975 0.785045  0.154241
0.0113397 0.138103   0.593867   0.00241231 0.434646   0.55559   0.0338566 0.35244   0.406972  0.929492  0.57976   0.676849   0.725791   0.645147  0.719987   0.238041   0.853573  0.07073   0.465896  0.637057  0.551085   0.242999  0.658055   0.477757  0.798252  0.909203  0.30722   0.893544   0.337602  0.392542  0.0357432  0.33641   0.965808  0.338982   0.978957  0.752126  0.709219   0.485867   0.310108  0.430939  0.059829  0.107583     0.135494  0.210014  0.42343   0.181689  0.88809   0.579735   0.218066  0.633414   0.108283    0.152276    0.76048    0.712634  0.293803   0.963822   0.37044   0.824355  0.14474   0.822694
0.538111  0.529763   0.167958   0.410809   0.42292    0.594429  0.37933   0.613142  0.496536  0.625628  0.877337  0.827009   0.103928   0.270672  0.489144   0.51215    0.782589  0.376266  0.693965  0.828513  0.414411   0.733836  0.294798   0.103316  0.636554  0.973856  0.510276  0.916554   0.469451  0.992893  0.537326   0.128441  0.962029  0.92638    0.0727349 0.271767  0.690398   0.835168   0.940386  0.429288  0.177529  0.262984     0.865149  0.286474  0.289553  0.418058  0.641238  0.771259   0.849206  0.752373   0.019684    0.888663    0.63166    0.84071   0.0301136  0.403065   0.23825   0.473993  0.210209  0.71209
0.37548   0.744634   0.19828    0.315635   0.828443   0.673748  0.70309   0.731158  0.147983  0.282927  0.382494  0.99755    0.051813   0.723797  0.0708113  0.565211   0.45729   0.542094  0.12768   0.695475  0.603232   0.478839  0.989218   0.192132  0.903384  0.457299  0.788419  0.144837   0.473784  0.0219241 0.612456   0.441607  0.168603  0.487707   0.672683  0.101023  0.634034   0.800539   0.374779  0.820556  0.0243797 0.827657     0.368885  0.334359  0.985394  0.788378  0.14359   0.830365   0.945657  0.685257   0.666335    0.131235    0.877483   0.741561  0.660216   0.00217563 0.852289  0.595346  0.441169  0.955747
0.552266  0.493552   0.441462   0.0480286  0.383245   0.40395   0.69955   0.322364  0.828021  0.0288125 0.140413  0.695904   0.381298   0.985347  0.28928    0.643371   0.907745  0.709832  0.588817  0.666124  0.041618   0.647499  0.123642   0.248215  0.906716  0.250908  0.681928  0.126438   0.618044  0.173634  0.233611   0.0491328 0.238299  0.562025   0.972754  0.197715  0.400383   0.77651    0.0433339 0.141563  0.590794  0.372595     0.447241  0.899629  0.784867  0.0426374 0.326626  0.436003   0.257892  0.414917   0.840005    0.028608    0.672707   0.637832  0.624829   0.462976   0.43747   0.382105  0.416078  0.365054
0.745056  0.322929   0.278965   0.273668   0.448165   0.333127  0.0245457 0.0571981 0.975807  0.167819  0.444275  0.967614   0.773731   0.115171  0.367326   0.578187   0.498252  0.580428  0.280967  0.0812354 0.00373195 0.924539  0.666875   0.410472  0.768884  0.252435  0.0527613 0.663773   0.463143  0.258811  0.286754   0.5874    0.605203  0.813286   0.810508  0.136181  0.218272   0.22813    0.359787  0.108836  0.138668  0.58797      0.506262  0.920294  0.68796   0.249504  0.754467  0.334875   0.255457  0.868738   0.742244    0.570684    0.477614   0.729339  0.643822   0.179797   0.544019  0.0763743 0.681194  0.0410971
0.017236  0.799824   0.626481   0.491377   0.478583   0.0279402 0.11631   0.886401  0.197151  0.15472   0.638358  0.469629   0.879458   0.859667  0.213871   0.515098   0.0890955 0.811167  0.307044  0.268275  0.933908   0.314303  0.0599104  0.0221488 0.447794  0.0709806 0.302853  0.387139   0.52856   0.145127  0.800878   0.182233  0.916328  0.730519   0.0133839 0.510654  0.189711   0.416992   0.830186  0.377706  0.157362  0.456902     0.690935  0.929864  0.0820756 0.173785  0.747484  0.63406    0.882493  0.272997   0.235488    0.16748     0.741549   0.580084  0.311069   0.653519   0.388861  0.19094   0.142293  0.11316
0.837452  0.117833   0.116256   0.480742   0.943915   0.455754  0.828547  0.264521  0.616769  0.0206804 0.416088  0.851775   0.382828   0.227238  0.504179   0.93079    0.478394  0.127477  0.830727  0.900477  0.331858   0.23488   0.10936    0.208979  0.267842  0.959404  0.0250395 0.625727   0.240799  0.391483  0.323485   0.490409  0.87125   0.169224   0.84284   0.782226  0.574075   0.867332   0.875621  0.452277  0.783973  0.143615     0.0748494 0.389153  0.311892  0.713573  0.739729  0.831493   0.775964  0.578367   0.908556    0.000505715 0.546108   0.393704  0.112651   0.572771   0.11769   0.36293   0.290375  0.0863625
0.0146884 0.616311   0.217313   0.332733   0.56897    0.512176  0.526276  0.939622  0.285995  0.990649  0.213971  0.804283   0.797838   0.395717  0.912051   0.0486556  0.298275  0.741572  0.879342  0.752781  0.468671   0.174324  0.452039   0.289126  0.0322376 0.63281   0.224731  0.513259   0.228655  0.863753  0.274149   0.485696  0.712956  0.577219   0.242729  0.122135  0.142877   0.833624   0.226928  0.86269   0.124232  0.0111492    0.759079  0.942038  0.485101  0.310453  0.559532  0.757846   0.875334  0.478733   0.497847    0.247765    0.812991   0.813729  0.963348   0.159237   0.383264  0.791725  0.785206  0.98148
0.151158  0.70689    0.15019    0.333169   0.847375   0.902744  0.137527  0.061194  0.495816  0.490578  0.409627  0.595417   0.283151   0.489824  0.44057    0.653847   0.756894  0.0631814 0.485507  0.403177  0.209226   0.557162  0.260894   0.48919   0.609147  0.996836  0.0982328 0.271524   0.762004  0.368653  0.931654   0.84289   0.899185  0.798172   0.308493  0.906146  0.496153   0.237851   0.119518  0.0702371 0.829194  0.733319     0.865354  0.880753  0.0238551 0.75419   0.304667  0.494908   0.0559775 0.579038   0.359197    0.770767    0.891552   0.823363  0.694605   0.689459   0.193775  0.589196  0.307822  0.658376
0.59176   0.497044   0.984417   0.573807   0.756603   0.769935  0.272296  0.156579  0.641252  0.268827  0.773093  0.0599686  0.590777   0.834773  0.247936   0.422169   0.828222  0.0951109 0.196962  0.538683  0.743451   0.593637  0.00728475 0.666737  0.794567  0.536806  0.210574  0.0180476  0.18177   0.177015  0.972089   0.147239  0.695366  0.703527   0.36995   0.865387  0.665952   0.584772   0.484774  0.205234  0.538022  0.496132     0.797134  0.767972  0.854675  0.281903  0.266947  0.55134    0.113925  0.511194   0.583886    0.886308    0.236369   0.90895   0.753818   0.0455666  0.252746  0.436614  0.468939  0.153843
0.583915  0.716897   0.782182   0.926238   0.827176   0.193033  0.500236  0.712634  0.750625  0.978326  0.13868   0.304618   0.0304479  0.196902  0.809007   0.694443   0.752875  0.39961   0.315147  0.910286  0.191239   0.689692  0.761516   0.719294  0.338639  0.665546  0.606664  0.593887   0.0487244 0.816819  0.202909   0.616761  0.424263  0.187607   0.551526  0.188526  0.774309   0.72053    0.979411  0.910486  0.845057  0.442936     0.787326  0.826286  0.620941  0.752262  0.299165  0.0149552  0.287152  0.00764953 0.013605    0.261995    0.035995   0.535956  0.067629   0.628214   0.442171  0.227424  0.964563  0.987066
0.630385  0.879445   0.535341   0.588539   0.557051   0.614363  0.768024  0.858973  0.765024  0.90779   0.760311  0.69144    0.206149   0.355745  0.0757255  0.488164   0.840099  0.921034  0.158605  0.588558  0.346398   0.57956   0.400355   0.960761  0.500493  0.568594  0.0173881 0.319345   0.334833  0.362056  0.814073   0.426702  0.887014  0.778948   0.13276   0.579364  0.556385   0.74783    0.31035   0.166874  0.744279  0.0365251    0.918665  0.86418   0.458031  0.34027   0.106273  0.698327   0.844411  0.159078   0.195951    0.891438    0.656678   0.740721  0.746306   0.802159   0.0115339 0.48456   0.387742  0.39154
0.404074  0.948471   0.27222    0.542231   0.760805   0.0979208 0.146175  0.0666724 0.38568   0.293197  0.367979  0.555812   0.807642   0.0800457 0.719947   0.745447   0.360284  0.0913762 0.244923  0.107368  0.126337   0.415423  0.309195   0.365463  0.500747  0.649379  0.13404   0.698976   0.563511  0.707302  0.732572   0.130839  0.775983  0.0571599  0.243616  0.518417  0.972968   0.650141   0.9556    0.447363  0.729624  0.24966      0.583958  0.995572  0.37186   0.884697  0.631052  0.590599   0.523501  0.197914   0.753007    0.78435     0.510165   0.298208  0.349822   0.695955   0.575546  0.231682  0.66358   0.232667
0.697708  0.664991   0.139453   0.749055   0.321596   0.968331  0.846885  0.712756  0.438777  0.809293  0.504407  0.569789   0.0117463  0.400563  0.47192    0.414677   0.109765  0.383285  0.991969  0.0375755 0.869136   0.701368  0.617625   0.413223  0.677886  0.31096   0.682855  0.712724   0.824431  0.147247  0.820118   0.618314  0.224972  0.648206   0.598052  0.884025  0.939492   0.964995   0.91929   0.808347  0.691073  0.793933     0.601996  0.833594  0.284612  0.520443  0.226356  0.485704   0.139304  0.150079   0.437291    0.618185    0.0557798  0.702726  0.255489   0.133114   0.565465  0.692913  0.258394  0.20487
0.696759  0.779701   0.131297   0.385601   0.345233   0.327956  0.388277  0.361593  0.135754  0.268933  0.639595  0.110675   0.953316   0.757203  0.336968   0.364536   0.216479  0.462846  0.565282  0.133635  0.368998   0.759306  0.0538478  0.61443   0.234046  0.622451  0.365248  0.399534   0.513816  0.812902  0.104245   0.159354  0.998365  0.872805   0.522907  0.297911  0.686883   0.453041   0.146314  0.830615  0.838583  0.0872307    0.379178  0.0293614 0.477231  0.365739  0.229316  0.937718   0.965587  0.315045   0.682941    0.396879    0.993687   0.352024  0.0705874  0.166272   0.881063  0.184146  0.732949  0.769928
0.9974    0.386408   0.404866   0.985606   0.657414   0.279276  0.113574  0.642694  0.443711  0.160741  0.709713  0.399133   0.393287   0.0379676 0.489846   0.906801   0.0449869 0.132542  0.578546  0.136987  0.28494    0.746575  0.568894   0.156468  0.106166  0.395925  0.420133  0.947429   0.600024  0.677599  0.591249   0.452288  0.664313  0.781849   0.858116  0.571007  0.452751   0.00607349 0.102507  0.897876  0.838658  0.0360333    0.384623  0.734046  0.537961  0.920372  0.479116  0.661306   0.787392  0.603702   0.752665    0.194648    0.96906    0.0166962 0.674869   0.679703   0.375219  0.586832  0.116117  0.459788
0.749468  0.0939936  0.954419   0.889733   0.898882   0.0759986 0.345054  0.889863  0.80889   0.202456  0.1393    0.36853    0.310951   0.886356  0.215355   0.0214505  0.762501  0.19663   0.630506  0.878945  0.968676   0.633092  0.312455   0.235838  0.866241  0.439883  0.575773  0.0783225  0.0237925 0.712052  0.615368   0.66815   0.343927  0.26537    0.619396  0.209574  0.328185   0.208162   0.793014  0.793037  0.442435  0.565746     0.534691  0.0763199 0.627505  0.557653  0.526589  0.932812   0.449788  0.945989   0.49293     0.782634    0.826848   0.903392  0.800837   0.868561   0.0667697 0.287242  0.71536   0.431094
0.562218  0.304174   0.800912   0.787332   0.289691   0.323208  0.757824  0.136509  0.322821  0.894021  0.81865   0.816357   0.315588   0.125163  0.348906   0.46401    0.882342  0.0980594 0.0315397 0.71183   0.800211   0.254746  0.628715   0.414891  0.202602  0.116698  0.94506   0.953279   0.98008   0.830534  0.49357    0.534416  0.668911  0.339292   0.302563  0.0533745 0.421984   0.206431   0.841284  0.142593  0.143742  0.0000540086 0.0182358 0.532629  0.0855458 0.43112   0.584918  0.872981   0.161613  0.657324   0.550619    0.960665    0.758063   0.696625  0.080626   0.719219   0.513959  0.0108252 0.410061  0.0468293
0.451622  0.927614   0.472456   0.756679   0.783778   0.362235  0.641416  0.92172   0.50257   0.273713  0.242464  0.42591    0.972891   0.673379  0.67765    0.0208019  0.651451  0.861563  0.0621763 0.854381  0.0379571  0.149697  0.75894    0.0283756 0.48049   0.985542  0.105573  0.236039   0.545431  0.162849  0.0826505  0.251781  0.731064  0.527197   0.607503  0.619411  0.0900913  0.0159995  0.672159  0.565554  0.393818  0.680883     0.661272  0.833476  0.163904  0.193059  0.430233  0.604101   0.813061  0.0623558  0.964283    0.526874    0.360315   0.61622   0.0537822  0.148343   0.696056  0.921501  0.30702   0.901041
0.994254  0.928776   0.251061   0.922545   0.726925   0.382704  0.836514  0.595887  0.182799  0.814313  0.270478  0.859268   0.993528   0.965111  0.367994   0.864515   0.161103  0.979548  0.604478  0.490692  0.856717   0.741286  0.799108   0.275519  0.55988   0.0544994 0.622652  0.603387   0.741568  0.922129  0.68303    0.726713  0.897829  0.5856     0.569655  0.180756  0.0175375  0.318109   0.517037  0.592011  0.375428  0.516295     0.575587  0.351442  0.8888    0.856065  0.311688  0.763518   0.223393  0.635862   0.132349    0.439313    0.619884   0.612665  0.416573   0.730239   0.949648  0.555545  0.10484   0.445202
B
0.809149 0.670279 0.274949 0.00735066 0.894138 0.726631 0.875469 0.39539 0.253119 0.100352 0.800599 0.868564 0.41088 0.719113 0.928747 0.850058 0.129676 0.0283725 0.952372 0.991144 0.524456 0.350755 0.572403 0.72042 0.493126 0.936191 0.350449 0.14981 0.595421 0.0378535 0.254131 0.424465 0.926513 0.314545 0.397087 0.0142035 0.188474 0.475245 0.652993 0.536525 0.861507 0.599443 0.605755 0.830889 0.619276 0.384135 0.954264 0.569141 0.131079 0.272766 0.782924 0.610403 0.636453 0.127712 0.550928 0.159587 0.714254 0.946559 0.490386 0.514169
X
-2.12641 -4.9394 -2.74781 9.05088 -6.10389 -0.250886 0.803268 8.29423 -6.38989 2.49356 -5.41999 13.7652 2.65092 2.37266 -14.1365 -3.3431 19.0739 -1.25031 0.79977 -10.0503 -2.99727 13.3951 -4.38874 1.53571 -10.679 9.4114 2.50225 -6.31692 -2.17655 -5.85133 5.32926 -10.9495 4.0224 -8.81475 -0.491661 8.28439 -10.2077 2.96685 -0.548723 13.5248 -0.0896978 -6.41349 -3.92045 3.76972 -0.328163 7.35329 10.7034 -12.0412 -5.67729 2.9236 -1.33876 2.84089 3.59836 0.608017 -1.63237 -5.39623 7.63085 -5.25651 -2.20584 0.0546863
Determinant
780374887.