A
10.5475   0.3977     -0.833624 -0.374576 0.877733  -0.504203 -0.975199 -0.903003  0.0359025  0.165827
0.601343  9.33337    -0.318097 -0.328929 0.690691  -0.202601 -0.384515 0.503078   0.140511   -0.728361
0.0897119 -0.315201  8.8452    0.897109  -0.702942 -0.539305 0.282922  0.311411   -0.648312  0.388984
0.399735  -0.436778  -0.823309 11.6614   0.469728  -0.813082 -0.611421 -0.587098  -0.148746  0.876813
0.332995  -0.816112  -0.402768 0.7876    8.93203   -0.381205 -0.757287 -0.038797  -0.137163  0.0671859
-0.998995 0.709014   -0.747404 -0.290916 0.175777  8.50038   0.203075  0.500416   0.38407    -0.231847
-0.363063 0.564471   -0.262221 -0.353768 0.65242   0.858928  8.61828   0.00509614 -0.20747   -0.525165
0.890516  0.808519   -0.752515 -0.988819 -0.680525 -0.643466 0.526487  13.5299    0.0927703  -0.523246
-0.951569 -0.0403611 0.575963  0.753836  -0.848685 -0.140523 -0.735723 0.983684   12.588     -0.573599
-0.244635 0.346942   0.161558  -0.457528 0.886044  -0.686245 -0.816303 0.018701   -0.0689715 7.70315
B
-1.4488 -2.71343 -1.39179 -2.83533 -1.51351 -2.94758 -2.90372 -2.70362 -1.49962 -2.57554
X
-0.188039 -0.313303 -0.152772 -0.275815 -0.215513 -0.343979 -0.31624 -0.225942 -0.147333 -0.379525
Determinant
8713438313.