A
0.918475 0.890439  0.0459483 0.819934 0.456752 0.999211  0.286663 0.913895  0.721568
0.848101 0.180283  0.878387  0.157431 0.740303 0.559269  0.958576 0.968745  0.775667
0.653381 0.160801  0.803602  0.803197 0.831595 0.0205526 0.820427 0.983386  0.699277
0.707163 0.125918  0.104888  0.580924 0.75423  0.547839  0.232478 0.751682  0.0536164
0.152651 0.0224674 0.114909  0.811185 0.711525 0.0972434 0.639746 0.0881777 0.488425
0.231399 0.47017   0.439416  0.952933 0.617356 0.361802  0.193154 0.0673873 0.45608
0.27533  0.45852   0.969714  0.875277 0.171028 0.964489  0.618589 0.123745  0.569065
0.396745 0.131213  0.767453  0.509368 0.888375 0.452141  0.782217 0.344609  0.330134
0.534489 0.654301  0.743364  0.415911 0.229962 0.527027  0.178748 0.101918  0.356454
B
0.311131 0.523615 0.739465 0.463151 0.701191 0.170884 0.0489972 0.183702 0.22463
X
2.20317 -1.04808 -0.287493 0.639029 -0.477542 -0.591082 0.283621 -0.941972 0.413501
Determinant
0.0226837