A
9.00134   0.773777  0.850816  -0.311664 0.403631   -0.818188  0.308896    -0.442171
0.157565  6.59666   0.891477  -0.118172 0.331948   -0.611124  -0.347556   -0.361031
-0.310452 0.911937  8.15096   0.030563  -0.583226  0.765295   0.217968    0.275105
0.0103716 -0.810456 -0.494987 6.14071   -0.0631375 -0.472923  -0.00993365 0.806688
0.9137    0.417475  0.535612  -0.493299 9.39865    0.945757   -0.803951   0.214444
-0.571379 -0.345573 0.136904  0.469692  0.403113   5.63413    -0.607647   -0.0313351
-0.261311 -0.972511 0.434895  -0.571678 0.624393   -0.0474888 8.42362     0.553499
-0.248384 0.194632  -0.344062 -0.79696  0.712241   0.101801   0.338226    6.41883
B
-2.22818 -2.04349 -2.80631 -2.31371 -1.88638 -2.87163 -1.36122 -1.78324
X
-0.259715 -0.347085 -0.257139 -0.444008 -0.125454 -0.52835 -0.199666 -0.31343
Determinant
8226410.