A
0.147573  0.712747  0.732448  0.680352  0.0519133 0.874971  0.0236047 0.737192  0.915239  0.163895  0.905584  0.943283   0.0551569 0.979944   0.335584  0.0851375 0.656243 0.357375  0.119024  0.686451  0.207863  0.403778  0.584688  0.584683  0.111379  0.989736  0.887651  0.813577  0.63851  0.0705677
0.293598  0.689951  0.94047   0.627379  0.801257  0.681886  0.534119  0.598804  0.897353  0.272896  0.568696  0.783475   0.772665  0.959857   0.352789  0.82719   0.379216 0.363375  0.49762   0.337642  0.412473  0.931238  0.527611  0.696088  0.153046  0.481662  0.955975  0.787135  0.744658 0.79721
0.523518  0.605263  0.176501  0.353243  0.749521  0.466016  0.367534  0.0800651 0.0646423 0.73897   0.287407  0.741683   0.82609   0.4987     0.471272  0.116057  0.287422 0.689678  0.376177  0.653798  0.895853  0.646136  0.908458  0.322827  0.543045  0.426397  0.158225  0.395345  0.250665 0.804594
0.0217557 0.696374  0.989885  0.0294095 0.457523  0.922418  0.0761277 0.979656  0.709388  0.986665  0.296895  0.42781    0.138747  0.56157    0.788882  0.823095  0.88445  0.43627   0.498474  0.763703  0.400988  0.966934  0.925345  0.46613   0.729506  0.567684  0.868799  0.41723   0.970208 0.768671
0.953285  0.0707469 0.633722  0.554691  0.95155   0.277285  0.754028  0.172974  0.901771  0.345095  0.969236  0.557943   0.216351  0.4384     0.523517  0.64557   0.52273  0.444972  0.735749  0.525015  0.419997  0.356918  0.731582  0.920246  0.711453  0.350874  0.560009  0.711786  0.525872 0.199288
0.411559  0.0596729 0.914946  0.885805  0.681974  0.716313  0.344512  0.90237   0.386579  0.278137  0.328951  0.994729   0.977102  0.525848   0.049668  0.305875  0.604008 0.0754378 0.405671  0.169092  0.484302  0.153584  0.656572  0.390113  0.338845  0.844689  0.0800005 0.334516  0.320196 0.742419
0.237405  0.798832  0.0550176 0.189299  0.0618898 0.88047   0.100897  0.464811  0.590967  0.554172  0.374397  0.00293037 0.0480669 0.489018   0.156628  0.0574022 0.385637 0.568934  0.249007  0.95797   0.492372  0.999764  0.241729  0.859594  0.197948  0.601413  0.620953  0.660901  0.975295 0.409582
0.164953  0.328032  0.0318841 0.954066  0.488992  0.685914  0.83996   0.74924   0.52256   0.218156  0.732761  0.635424   0.0865977 0.976985   0.763797  0.350102  0.645251 0.368678  0.833369  0.455679  0.65784   0.62107   0.556338  0.0685585 0.907127  0.428343  0.567755  0.539669  0.615913 0.858183
0.465558  0.273926  0.852422  0.243855  0.687273  0.889221  0.571018  0.0398881 0.242337  0.0531266 0.479474  0.152904   0.0711922 0.29701    0.543363  0.72401   0.773604 0.998056  0.623081  0.266577  0.357593  0.177344  0.415117  0.669088  0.347467  0.56536   0.434879  0.746413  0.182365 0.168853
0.428662  0.325588  0.773262  0.196609  0.69603   0.443741  0.131607  0.521939  0.999721  0.348703  0.663644  0.661136   0.312562  0.638865   0.718022  0.54246   0.880473 0.714076  0.0896844 0.0222698 0.502297  0.0340853 0.640767  0.101963  0.170469  0.939551  0.678928  0.569344  0.922412 0.282944
0.83194   0.923619  0.880772  0.854339  0.448705  0.66535   0.521592  0.940397  0.972141  0.615577  0.894873  0.804916   0.627899  0.231455   0.606988  0.181691  0.958862 0.414303  0.120386  0.429507  0.923587  0.599338  0.115038  0.178316  0.447779  0.848927  0.115264  0.1187    0.93828  0.176638
0.866794  0.934049  0.132537  0.625806  0.664844  0.1408    0.922527  0.353934  0.215369  0.763243  0.451081  0.588344   0.932606  0.242362   0.621686  0.092275  0.211535 0.0180907 0.673254  0.523078  0.661703  0.977302  0.158137  0.344499  0.645342  0.513267  0.575686  0.548452  0.488229 0.936706
0.712631  0.276855  0.496262  0.798224  0.265626  0.546225  0.881061  0.676776  0.366192  0.434904  0.310132  0.121402   0.556619  0.608281   0.364128  0.584875  0.779451 0.344011  0.803977  0.352419  0.915115  0.0894429 0.355181  0.778219  0.577956  0.297062  0.72978   0.762394  0.707417 0.795473
0.389604  0.476308  0.991917  0.186495  0.232362  0.86463   0.724352  0.525017  0.904388  0.141538  0.254093  0.501504   0.515605  0.690181   0.672967  0.251273  0.654511 0.695289  0.418782  0.348053  0.196308  0.953864  0.100342  0.71679   0.61345   0.593029  0.63296   0.686973  0.231999 0.491794
0.261887  0.0971044 0.822197  0.670607  0.922671  0.191178  0.177141  0.956798  0.798947  0.469605  0.803695  0.998844   0.603738  0.8172     0.357044  0.965352  0.480863 0.600055  0.910391  0.479963  0.631849  0.915926  0.172453  0.557244  0.396429  0.0815995 0.287306  0.103718  0.757522 0.971402
0.591166  0.954798  0.76843   0.0312268 0.687033  0.5593    0.416054  0.804472  0.266597  0.405231  0.845047  0.658011   0.90218   0.323691   0.654011  0.924669  0.318849 0.928799  0.59765   0.502519  0.863338  0.120018  0.837892  0.762229  0.554307  0.109844  0.475535  0.637372  0.555539 0.953854
0.784613  0.83712   0.926075  0.195322  0.428305  0.709764  0.770708  0.433306  0.339193  0.797402  0.407498  0.792216   0.824559  0.981916   0.0616162 0.2022    0.478226 0.659667  0.263324  0.713258  0.0450587 0.660042  0.397435  0.294978  0.0172466 0.324664  0.463871  0.859418  0.10636  0.362624
0.0823221 0.491117  0.417222  0.378213  0.257843  0.743214  0.160511  0.295182  0.843152  0.442935  0.126952  0.165424   0.0208052 0.179181   0.515825  0.578125  0.517737 0.153362  0.475036  0.0158734 0.300479  0.342626  0.0668529 0.66173   0.971303  0.0795568 0.439255  0.0383983 0.981566 0.187728
0.618418  0.395656  0.960412  0.796834  0.287925  0.662371  0.613648  0.421439  0.917913  0.235723  0.625766  0.208489   0.624575  0.804536   0.987709  0.404859  0.958108 0.195678  0.101127  0.519716  0.585594  0.409239  0.227289  0.755883  0.699289  0.200471  0.680557  0.647191  0.554277 0.0959421
0.678687  0.705666  0.225761  0.985391  0.282424  0.536062  0.42738   0.571324  0.0714646 0.302222  0.854835  0.793744   0.907849  0.999198   0.543221  0.342298  0.708834 0.360812  0.151978  0.660631  0.274018  0.151806  0.554554  0.403826  0.844825  0.484919  0.0572365 0.38327   0.45252  0.725209
0.365773  0.72937   0.688333  0.983302  0.138743  0.0285903 0.445443  0.0462181 0.0957431 0.998018  0.0897604 0.332691   0.143487  0.641525   0.70253   0.076704  0.374947 0.481241  0.97514   0.944399  0.461796  0.932342  0.751215  0.361923  0.345889  0.732811  0.761539  0.177079  0.989327 0.102323
0.333548  0.86585   0.693942  0.0552769 0.79005   0.716118  0.33241   0.764092  0.399996  0.698168  0.283208  0.993339   0.735363  0.131932   0.398056  0.495457  0.595203 0.553449  0.320539  0.40288   0.929247  0.0808064 0.472521  0.573608  0.0120268 0.0175337 0.0168821 0.44703   0.73793  0.419748
0.717322  0.609154  0.0752366 0.80639   0.180562  0.86112   0.240811  0.340387  0.548611  0.0190979 0.979205  0.873649   0.539665  0.786799   0.17315   0.532848  0.907231 0.171173  0.990539  0.312176  0.763071  0.379345  0.137165  0.0854386 0.319673  0.64854   0.661649  0.757426  0.607855 0.146106
0.904667  0.0320558 0.408088  0.865512  0.0199453 0.569093  0.318072  0.549413  0.343487  0.302798  0.87271   0.470519   0.353174  0.504308   0.673198  0.434891  0.628583 0.626926  0.551341  0.805617  0.911459  0.59717   0.482204  0.431217  0.898466  0.77295   0.680899  0.642772  0.335461 0.747895
0.230873  0.692848  0.412719  0.418593  0.560966  0.811545  0.180695  0.412489  0.15282   0.798541  0.636174  0.380102   0.280049  0.507468   0.548018  0.245165  0.55803  0.214733  0.33467   0.542636  0.0267849 0.722614  0.200838  0.560671  0.0304802 0.485067  0.211431  0.644017  0.44779  0.688714
0.291281  0.527035  0.675703  0.770826  0.144148  0.0128614 0.358612  0.899446  0.808721  0.610598  0.328716  0.790015   0.519972  0.980636   0.879084  0.727153  0.469703 0.478644  0.81799   0.919603  0.135898  0.613017  0.364105  0.695911  0.892731  0.314495  0.305543  0.154211  0.874937 0.603644
0.622249  0.104064  0.520668  0.480587  0.514376  0.379126  0.844826  0.387061  0.248329  0.593967  0.0178475 0.369609   0.530402  0.00385564 0.862785  0.458986  0.502634 0.367388  0.799835  0.654434  0.682417  0.658388  0.327734  0.5203    0.551671  0.906218  0.486621  0.425215  0.450292 0.097443
0.898421  0.625162  0.408125  0.712971  0.917598  0.916429  0.695281  0.676357  0.932379  0.530579  0.752627  0.923602   0.317627  0.517432   0.37061   0.280463  0.574605 0.374731  0.717654  0.751652  0.286122  0.415855  0.0587911 0.987923  0.0757641 0.120127  0.132808  0.627291  0.869051 0.810265
0.850644  0.823836  0.249213  0.323395  0.849148  0.626914  0.549501  0.282915  0.564501  0.120758  0.848206  0.123966   0.413644  0.576314   0.951657  0.538118  0.22285  0.965856  0.0964048 0.536034  0.646467  0.603311  0.257865  0.672621  0.334289  0.222389  0.403849  0.949855  0.935771 0.816071
0.0688041 0.0128601 0.684067  0.492615  0.116476  0.832062  0.905485  0.576441  0.0932862 0.850236  0.156783  0.919304   0.584378  0.00875816 0.574656  0.979294  0.123882 0.376658  0.67033   0.667929  0.329895  0.0890487 0.940369  0.407774  0.493499  0.0977989 0.880432  0.251349  0.205944 0.984451
B
0.990778 0.965371 0.251734 0.476801 0.542736 0.186792 0.903601 0.870925 0.987748 0.335202 0.233552 0.894125 0.935966 0.48031 0.846223 0.238473 0.950988 0.790651 0.564412 0.502069 0.633707 0.0176228 0.621194 0.703945 0.385333 0.112096 0.303635 0.605504 0.560558 0.0852795
X
-0.0470934 0.462958 -0.651474 1.47588 1.87153 -0.145586 -0.768944 1.08741 -0.509117 0.279399 -0.615484 -0.141749 -0.133302 -0.348625 -0.973736 -0.412572 0.426696 1.44281 -0.459058 0.0848063 -0.600727 -0.170464 -1.0664 -0.00947471 0.896912 -0.536903 2.38582 0.0960356 -0.76139 -0.638061
Determinant
0.0389073