A
9.67352   0.876969   0.653576  -0.906846 0.847803   0.348513  0.266609
0.208492  4.82868    0.203029  -0.176683 0.416355   -0.252695 0.399101
0.793045  -0.0306415 5.96601   -0.6461   0.00928383 0.554236  -0.837704
-0.198124 -0.715941  -0.215694 5.86299   -0.823953  -0.556215 -0.271728
0.306873  0.365134   -0.415318 0.204633  3.1155     0.0234852 0.0313323
-0.303643 -0.641375  0.488195  0.233808  0.479252   6.12471   -0.141897
-0.776352 -0.250421  0.543459  0.823434  0.081963   0.654108  6.29311
B
-2.49335 -1.87439 -1.41068 -2.44182 -1.69508 -1.90391 -1.51423
X
-0.206039 -0.350639 -0.267008 -0.576485 -0.476835 -0.280574 -0.146125
Determinant
192653.