A
0.184012  0.35773   0.882796 0.953943 0.165163 0.407754 0.434623
0.751608  0.863785  0.83449  0.117376 0.138537 0.953799 0.726615
0.0929555 0.867861  0.30404  0.122632 0.36494  0.436996 0.876776
0.509715  0.989886  0.114763 0.251864 0.662063 0.821971 0.778024
0.862429  0.211639  0.510657 0.361667 0.100043 0.359768 0.661731
0.522575  0.258863  0.891528 0.916057 0.150717 0.608544 0.587362
0.382357  0.0730053 0.10678  0.317756 0.149293 0.842481 0.453168
B
0.049206 0.515902 0.285592 0.990364 0.71909 0.492562 0.0204092
X
-0.177056 -4.90813 5.08042 -4.41365 10.0714 -0.221523 -0.0232966
Determinant
0.00547023