A
0.0173873 0.200939  0.369564  0.763854   0.51833  0.180997   0.86763   0.310158   0.700715  0.200081  0.0190362 0.418563   0.101357  0.674576  0.888377  0.966751  0.697868 0.598422    0.474611  0.194368
0.856742  0.032001  0.355159  0.899443   0.695639 0.0478299  0.173945  0.999094   0.0636984 0.432416  0.695709  0.800459   0.255076  0.231557  0.129519  0.956183  0.708649 0.391731    0.392273  0.147826
0.0305535 0.9232    0.450386  0.910868   0.490264 0.897659   0.659618  0.365496   0.49773   0.0323487 0.916212  0.974799   0.278508  0.211025  0.725861  0.850815  0.363735 0.530888    0.119444  0.717921
0.196272  0.997494  0.353481  0.474225   0.312485 0.110207   0.879499  0.00587453 0.455835  0.982462  0.656578  0.016547   0.631192  0.396643  0.412386  0.817546  0.850488 0.114498    0.270991  0.244245
0.516666  0.218976  0.462314  0.268074   0.247206 0.00717167 0.684358  0.67433    0.0586733 0.521949  0.817857  0.639761   0.736088  0.413095  0.970507  0.603499  0.301284 0.22895     0.017333  0.82346
0.631175  0.933362  0.138654  0.836102   0.935769 0.489603   0.129447  0.139305   0.811387  0.257734  0.954636  0.922496   0.566759  0.828306  0.305042  0.0210372 0.257572 0.443032    0.337778  0.442088
0.767859  0.741673  0.0672881 0.531204   0.155634 0.699177   0.358774  0.271067   0.672584  0.0766617 0.391856  0.00249696 0.795582  0.706084  0.321186  0.464137  0.432927 0.574488    0.597232  0.977431
0.022337  0.684316  0.878211  0.150269   0.602526 0.721888   0.275999  0.0922937  0.901237  0.513474  0.811537  0.220591   0.149248  0.998929  0.209941  0.385722  0.340184 0.137208    0.929156  0.142772
0.240924  0.968898  0.0606332 0.712726   0.659205 0.129977   0.0674733 0.0844081  0.768086  0.43333   0.0391677 0.289469   0.449839  0.836647  0.452049  0.840762  0.708524 0.70306     0.872041  0.843533
0.499369  0.0342039 0.766878  0.00429566 0.294264 0.798606   0.916485  0.249233   0.428515  0.315036  0.53468   0.0895267  0.311865  0.0601079 0.7856    0.800725  0.633014 0.923448    0.541491  0.524369
0.974479  0.340672  0.111221  0.409093   0.364313 0.613264   0.784936  0.629963   0.0516492 0.735674  0.467276  0.480259   0.215849  0.282355  0.590372  0.847956  0.360355 0.309636    0.718219  0.942225
0.236607  0.283337  0.711655  0.436839   0.836148 0.623734   0.595242  0.143167   0.134675  0.406331  0.658464  0.170355   0.287045  0.750515  0.680477  0.667695  0.875717 0.465658    0.221411  0.181195
0.199293  0.586897  0.302451  0.492266   0.709557 0.287299   0.204158  0.243826   0.925677  0.856451  0.729473  0.889686   0.0355005 0.839503  0.127733  0.147133  0.460244 0.892907    0.912952  0.955628
0.796851  0.270374  0.117348  0.0446988  0.973816 0.838813   0.0200201 0.748247   0.792166  0.288594  0.816989  0.87382    0.859554  0.581404  0.0922047 0.919091  0.993003 0.000904668 0.112711  0.858158
0.0203539 0.86986   0.31746   0.930995   0.653466 0.392724   0.233011  0.480198   0.973484  0.464353  0.958782  0.554553   0.0529609 0.588536  0.143196  0.422189  0.118477 0.286251    0.0348522 0.986534
0.733094  0.258958  0.0963829 0.383796   0.694835 0.884916   0.310716  0.539217   0.183168  0.0885967 0.403206  0.522115   0.562185  0.619913  0.399125  0.602629  0.380487 0.953863    0.198594  0.0314585
0.134339  0.684942  0.260053  0.353412   0.43975  0.287694   0.750771  0.598604   0.914149  0.0746871 0.461836  0.87702    0.892198  0.682749  0.331439  0.377043  0.271537 0.680243    0.895389  0.50504
0.481473  0.348927  0.10529   0.625916   0.225051 0.0717416  0.0280223 0.155048   0.885432  0.680316  0.66107   0.443535   0.077295  0.688675  0.140028  0.159238  0.999006 0.462672    0.997543  0.886355
0.767049  0.0714185 0.438976  0.130323   0.432946 0.631904   0.203374  0.950451   0.461211  0.960152  0.085546  0.819789   0.416844  0.903215  0.719277  0.381842  0.845748 0.669818    0.621933  0.327121
0.349975  0.945182  0.253735  0.952855   0.960886 0.693799   0.373671  0.903739   0.644003  0.109573  0.0180469 0.727309   0.936831  0.125528  0.659103  0.118081  0.26627  0.411071    0.848105  0.569962
B
0.449493 0.461583 0.710214 0.546371 0.199206 0.725954 0.421968 0.393521 0.76686 0.86973 0.877664 0.973162 0.0706039 0.837784 0.266113 0.0157795 0.145901 0.202959 0.0987551 0.34505
X
2.14724 3.22172 1.07532 -2.16564 1.06988 -1.45498 1.18616 0.922579 -0.309897 -2.38125 -0.521802 0.00969054 -2.82161 0.000270997 0.103934 -0.689243 1.80197 -0.141749 -0.593495 0.428937
Determinant
0.566253