A
0.15274    0.634768  0.408638  0.452028   0.96504    0.606059  0.263011   0.805558  0.491175   0.92475   0.731186  0.579185  0.807099   0.781175  0.34854   0.716397  0.963458   0.191722   0.879274  0.359009  0.80706    0.455013  0.802162  0.395549  0.17826   0.573964   0.606287  0.305832  0.930829  0.569564   0.908246   0.844289  0.904917   0.0824981  0.731761   0.796882  0.408426  0.694683   0.24706   0.61401
0.35728    0.782598  0.588403  0.565717   0.566851   0.0916078 0.443303   0.398683  0.364453   0.961771  0.379367  0.976073  0.899661   0.100868  0.858883  0.958216  0.916642   0.96813    0.374895  0.910874  0.701896   0.820357  0.52851   0.0689083 0.41081   0.395507   0.833233  0.96778   0.126067  0.805766   0.192809   0.898149  0.319284   0.0740255  0.02214    0.0806915 0.422719  0.286255   0.97891   0.476326
0.780858   0.0278762 0.105763  0.735137   0.259937   0.0714008 0.00955231 0.488583  0.556342   0.782772  0.555327  0.892374  0.552934   0.845876  0.407259  0.605188  0.57529    0.765185   0.207266  0.287339  0.279802   0.445438  0.215935  0.172756  0.831525  0.320223   0.609871  0.141686  0.0518654 0.449453   0.619241   0.886117  0.152138   0.646987   0.425309   0.484775  0.801249  0.742962   0.697922  0.940709
0.0393464  0.743443  0.73694   0.00861195 0.0209483  0.70274   0.555319   0.057761  0.0712278  0.162456  0.658421  0.387589  0.996326   0.0616657 0.476475  0.932947  0.667003   0.120372   0.900775  0.0650794 0.165351   0.742065  0.183571  0.530114  0.640429  0.858412   0.926438  0.525797  0.0139236 0.701004   0.0128839  0.177669  0.547357   0.746113   0.0320641  0.889036  0.340702  0.955144   0.424993  0.813663
0.285387   0.827769  0.992715  0.75448    0.669999   0.259847  0.738425   0.103079  0.357791   0.306151  0.144402  0.159191  0.22054    0.0538457 0.393228  0.185155  0.443429   0.41046    0.834517  0.283266  0.912981   0.451246  0.687567  0.895222  0.49577   0.116829   0.5868    0.53639   0.978288  0.811654   0.233578   0.592146  0.506767   0.164847   0.722      0.782294  0.110128  0.897965   0.201402  0.283203
0.992922   0.55736   0.899251  0.144696   0.839948   0.944469  0.607674   0.506386  0.831442   0.466702  0.927945  0.0959093 0.245691   0.138568  0.0808163 0.758876  0.00681769 0.980368   0.354978  0.519381  0.681556   0.805667  0.428212  0.710644  0.385227  0.901283   0.484711  0.297005  0.230804  0.0817783  0.185134   0.752652  0.90051    0.453703   0.698912   0.539824  0.0167238 0.9779     0.788471  0.568282
0.423325   0.373909  0.919646  0.175912   0.546018   0.619443  0.0168588  0.689024  0.29858    0.949386  0.289934  0.343133  0.819377   0.330055  0.494577  0.30512   0.902358   0.497383   0.0587552 0.402305  0.799716   0.815221  0.752711  0.628842  0.829951  0.647789   0.433249  0.342459  0.122225  0.484558   0.787581   0.330613  0.706582   0.0703716  0.805671   0.976954  0.163699  0.465825   0.603675  0.181593
0.407471   0.455304  0.420566  0.114137   0.348565   0.669491  0.151163   0.829439  0.972182   0.859356  0.455407  0.0503899 0.245815   0.093682  0.385233  0.970576  0.599527   0.578469   0.565458  0.350891  0.221759   0.354239  0.444449  0.543206  0.152186  0.872372   0.241924  0.151179  0.678456  0.581861   0.811764   0.348653  0.882632   0.351025   0.0856685  0.920184  0.571223  0.218375   0.830843  0.44645
0.00994872 0.127861  0.495153  0.836093   0.854445   0.390684  0.680136   0.387531  0.40056    0.640043  0.997877  0.672762  0.723607   0.443792  0.911956  0.45755   0.18695    0.735198   0.181881  0.379564  0.382763   0.257843  0.0133953 0.804941  0.489159  0.0802301  0.736487  0.370121  0.756601  0.830285   0.682322   0.947034  0.512849   0.320025   0.0380412  0.984719  0.293717  0.316014   0.0253207 0.943271
0.260009   0.118717  0.195021  0.670642   0.308435   0.656876  0.0833429  0.273039  0.30818    0.450276  0.316225  0.315322  0.262988   0.0801062 0.159532  0.516715  0.470432   0.0628278  0.533916  0.307369  0.816761   0.365822  0.359703  0.239068  0.424216  0.921435   0.943651  0.344184  0.653742  0.0134159  0.988903   0.894049  0.466358   0.230959   0.0380021  0.8672    0.0180553 0.315765   0.855939  0.569766
0.863025   0.835019  0.475609  0.289611   0.691665   0.701476  0.355419   0.0809673 0.295056   0.143055  0.0968509 0.733974  0.247879   0.526832  0.344444  0.601749  0.498466   0.895109   0.462091  0.81222   0.201216   0.590539  0.624738  0.0247662 0.0814108 0.171022   0.555142  0.881851  0.750516  0.412859   0.533921   0.544068  0.499188   0.208533   0.851652   0.421666  0.48741   0.221279   0.589838  0.641488
0.503459   0.311726  0.0681994 0.752964   0.0528119  0.0427909 0.26736    0.70845   0.14003    0.348216  0.632426  0.102129  0.491093   0.992901  0.378908  0.234878  0.756015   0.91639    0.989578  0.431146  0.48713    0.45276   0.976052  0.517896  0.497156  0.189331   0.497967  0.600109  0.50499   0.604877   0.425666   0.883934  0.510747   0.833569   0.822727   0.24995   0.0780215 0.57093    0.975008  0.828469
0.448739   0.55029   0.329429  0.123991   0.0405283  0.446588  0.541259   0.488265  0.426252   0.505771  0.616112  0.662917  0.0838223  0.786813  0.700653  0.923837  0.100206   0.120045   0.507669  0.464072  0.684776   0.500578  0.150267  0.969683  0.795645  0.878491   0.633462  0.588834  0.170105  0.00218524 0.668334   0.755798  0.37376    0.659861   0.33648    0.307068  0.602195  0.0127602  0.455076  0.698237
0.662955   0.714672  0.701115  0.286429   0.820513   0.69242   0.135307   0.618216  0.61551    0.574016  0.425598  0.91598   0.773628   0.128441  0.651059  0.352106  0.0344286  0.761493   0.909924  0.791749  0.449481   0.596681  0.468821  0.890159  0.492778  0.899278   0.939613  0.0767494 0.0768514 0.255785   0.0067202  0.0960944 0.385728   0.885128   0.906724   0.351111  0.791977  0.371439   0.45851   0.539947
0.915736   0.965345  0.902266  0.731713   0.150079   0.337296  0.712863   0.899261  0.0972574  0.239772  0.450977  0.52992   0.0385498  0.325639  0.375478  0.309858  0.113748   0.563805   0.218636  0.932295  0.208861   0.931838  0.760194  0.607415  0.425367  0.664612   0.40047   0.539076  0.260344  0.353434   0.947446   0.0621597 0.125101   0.00118107 0.0786791  0.198403  0.519667  0.227623   0.0982126 0.0222102
0.720387   0.838421  0.67541   0.939347   0.350734   0.936648  0.469282   0.471703  0.699846   0.603975  0.863525  0.131926  0.652981   0.0922643 0.241385  0.396602  0.256867   0.847794   0.638322  0.175572  0.548998   0.597194  0.847861  0.632274  0.613775  0.575921   0.672194  0.74527   0.962191  0.758361   0.845112   0.608539  0.00625594 0.752251   0.737961   0.676561  0.68565   0.839288   0.820208  0.553189
0.123492   0.515125  0.828911  0.95033    0.820168   0.217359  0.121972   0.117218  0.205536   0.508504  0.663632  0.72675   0.881062   0.591963  0.410683  0.482781  0.114935   0.600626   0.281377  0.681712  0.411339   0.104877  0.524275  0.81177   0.149649  0.383199   0.0123331 0.920637  0.983415  0.54538    0.862799   0.357031  0.396769   0.292684   0.584033   0.782077  0.177165  0.957723   0.927183  0.803185
0.973293   0.523502  0.558482  0.4494     0.280211   0.806262  0.277632   0.812797  0.0185242  0.312876  0.301622  0.999552  0.399967   0.0555782 0.865874  0.362791  0.337868   0.246599   0.65045   0.985904  0.833561   0.988495  0.237086  0.247105  0.578164  0.353847   0.605832  0.898561  0.822165  0.617206   0.306668   0.877369  0.505176   0.643342   0.628919   0.926307  0.374123  0.0200464  0.0862066 0.58589
0.972877   0.377559  0.961901  0.195912   0.110671   0.971479  0.687122   0.688447  0.659442   0.974807  0.41137   0.917506  0.523344   0.148541  0.0431876 0.130335  0.8853     0.355608   0.776908  0.686345  0.622477   0.372415  0.310683  0.276188  0.818197  0.292882   0.525547  0.483246  0.953095  0.00976397 0.50993    0.443305  0.607977   0.0778855  0.115498   0.947365  0.868213  0.209039   0.502208  0.577802
0.986174   0.0336033 0.131089  0.490313   0.00971771 0.339299  0.537903   0.568509  0.972567   0.0923403 0.608756  0.480725  0.0389739  0.317287  0.903701  0.878744  0.610722   0.886332   0.475009  0.605978  0.627363   0.962386  0.561442  0.398026  0.84026   0.896596   0.974697  0.396701  0.0810032 0.147457   0.321272   0.743349  0.247982   0.475449   0.380851   0.658306  0.279086  0.398525   0.0171887 0.553278
0.78186    0.427873  0.500015  0.99846    0.594846   0.391405  0.77175    0.505293  0.571242   0.947456  0.0555831 0.8858    0.388605   0.69259   0.0163013 0.35611   0.725447   0.494115   0.757826  0.0954836 0.494215   0.127155  0.743601  0.392288  0.474993  0.333762   0.320161  0.144545  0.0870051 0.0770471  0.998393   0.0114883 0.205126   0.100133   0.444622   0.771455  0.587337  0.662953   0.490123  0.800822
0.385412   0.97982   0.0162662 0.150364   0.18725    0.459672  0.945159   0.672256  0.75735    0.573847  0.821592  0.627335  0.150993   0.632819  0.696493  0.962984  0.412134   0.179855   0.222568  0.611701  0.782619   0.468283  0.379672  0.120295  0.487705  0.888283   0.642063  0.198366  0.850832  0.123694   0.609621   0.883847  0.536454   0.380077   0.488977   0.527449  0.785835  0.838799   0.678771  0.0807781
0.183265   0.561554  0.704775  0.72488    0.112635   0.272493  0.726938   0.110574  0.642289   0.525509  0.214946  0.0385347 0.286394   0.721383  0.854724  0.441769  0.457581   0.405718   0.740895  0.784415  0.617032   0.98662   0.315778  0.432968  0.632091  0.00935926 0.395238  0.462355  0.464246  0.841355   0.757953   0.648369  0.311272   0.938788   0.874305   0.778683  0.652757  0.243155   0.443503  0.380927
0.78757    0.0889647 0.874308  0.0655374  0.854441   0.0782057 0.253045   0.840073  0.266461   0.651932  0.248554  0.101788  0.351557   0.180873  0.735102  0.444574  0.568556   0.117721   0.622132  0.502096  0.313338   0.363386  0.943259  0.170004  0.193402  0.745783   0.77185   0.755764  0.43437   0.232817   0.664734   0.721201  0.0544897  0.714736   0.970436   0.10639   0.94681   0.410447   0.543523  0.28818
0.830606   0.126593  0.935396  0.534878   0.66926    0.387296  0.597355   0.407628  0.326654   0.909008  0.447156  0.46788   0.615161   0.810989  0.134194  0.587106  0.0489721  0.365809   0.604863  0.79154   0.98587    0.971535  0.0855769 0.0883665 0.74814   0.755594   0.788142  0.619385  0.627004  0.551555   0.743301   0.85074   0.557335   0.993952   0.791498   0.680863  0.650937  0.347384   0.444259  0.309903
0.696439   0.208687  0.567757  0.14032    0.611769   0.821772  0.109077   0.843372  0.628916   0.743183  0.79006   0.968352  0.00804971 0.832254  0.640658  0.691073  0.0835408  0.777324   0.87087   0.178329  0.584246   0.188767  0.661838  0.753762  0.224651  0.937337   0.514557  0.898655  0.416474  0.822334   0.315197   0.239248  0.663151   0.900208   0.265243   0.786103  0.829806  0.301729   0.338308  0.985753
0.50766    0.117199  0.103634  0.495617   0.675019   0.651277  0.780291   0.482614  0.614739   0.672576  0.617999  0.903331  0.764544   0.86624   0.391272  0.652979  0.441352   0.0745592  0.60262   0.935361  0.363381   0.778305  0.543018  0.0383911 0.852726  0.688662   0.800706  0.934641  0.933437  0.388758   0.160648   0.142283  0.29927    0.165077   0.610646   0.260216  0.0265331 0.345838   0.862742  0.911649
0.584403   0.867049  0.519176  0.816691   0.569001   0.613624  0.594413   0.551253  0.417217   0.671268  0.0680718 0.229065  0.144903   0.415963  0.0430396 0.212214  0.339644   0.473928   0.474525  0.83552   0.786365   0.179251  0.966446  0.291446  0.0194725 0.922003   0.578395  0.701828  0.909429  0.731858   0.085335   0.822343  0.305553   0.316451   0.581185   0.614725  0.207882  0.575965   0.548156  0.362556
0.161408   0.250187  0.826519  0.240417   0.928029   0.121552  0.0987982  0.55455   0.238498   0.539892  0.726634  0.878071  0.321013   0.403188  0.063533  0.152043  0.0700978  0.910029   0.272438  0.889891  0.900236   0.907278  0.661158  0.94842   0.0147291 0.893282   0.187552  0.154115  0.780538  0.480906   0.722725   0.596193  0.239945   0.284638   0.72807    0.722315  0.789278  0.949037   0.757928  0.49695
0.842866   0.876921  0.317167  0.175316   0.619639   0.133575  0.97647    0.85844   0.00365642 0.721969  0.231551  0.931959  0.213723   0.0608962 0.128482  0.439678  0.0694396  0.251042   0.406335  0.699103  0.296359   0.666471  0.284126  0.454249  0.316737  0.563692   0.226752  0.905369  0.770184  0.680925   0.311291   0.0407336 0.0929578  0.0279554  0.00778237 0.708944  0.376831  0.390254   0.465042  0.391984
0.79426    0.714596  0.679983  0.832749   0.59323    0.104235  0.302542   0.979349  0.686583   0.844041  0.494374  0.915531  0.872767   0.526986  0.380483  0.779966  0.649231   0.245469   0.933463  0.905223  0.928883   0.0253375 0.0261944 0.626533  0.0249669 0.653857   0.055229  0.187961  0.570617  0.302077   0.973051   0.370045  0.882213   0.722918   0.45192    0.368176  0.570811  0.292004   0.387061  0.992563
0.0806917  0.405916  0.593352  0.660107   0.62115    0.802127  0.658301   0.433007  0.456836   0.415554  0.563795  0.444302  0.732335   0.452201  0.951026  0.375749  0.32803    0.81604    0.63046   0.441813  0.301783   0.863152  0.0253046 0.517687  0.172532  0.281185   0.220794  0.336609  0.345614  0.106317   0.664657   0.783648  0.350547   0.236636   0.0298105  0.296777  0.827604  0.852213   0.565709  0.745897
0.460635   0.0458344 0.44355   0.430795   0.352698   0.904167  0.117378   0.445132  0.305332   0.161783  0.626976  0.0253644 0.762594   0.158026  0.530492  0.212799  0.793219   0.483956   0.987251  0.3816    0.00405169 0.50238   0.882132  0.011193  0.483829  0.0962292  0.469252  0.593459  0.259616  0.172998   0.552651   0.0268082 0.557589   0.54053    0.439777   0.962922  0.385681  0.488265   0.933133  0.861095
0.799342   0.10773   0.322999  0.366521   0.69577    0.777376  0.28063    0.177684  0.964488   0.881087  0.343642  0.567067  0.0561563  0.22966   0.481605  0.458929  0.164793   0.649689   0.995039  0.197644  0.585165   0.824679  0.309971  0.758131  0.160118  0.954386   0.214357  0.104812  0.637056  0.924478   0.665839   0.708416  0.843207   0.0914977  0.844033   0.738822  0.771023  0.830148   0.292999  0.372727
0.720557   0.84998   0.208461  0.0992552  0.876592   0.685228  0.634307   0.181843  0.747299   0.490613  0.776649  0.68334   0.665675   0.561788  0.53912   0.286623  0.621773   0.632444   0.360563  0.508159  0.899297   0.472189  0.494845  0.563522  0.523902  0.022947   0.194307  0.229512  0.786871  0.419513   0.767562   0.533213  0.906714   0.576301   0.369272   0.822305  0.0727409 0.313876   0.36297   0.12174
0.338998   0.0927168 0.301789  0.503974   0.192179   0.827629  0.548528   0.927053  0.933959   0.510788  0.453583  0.798958  0.34146    0.463256  0.0537603 0.0734603 0.825498   0.116239   0.908421  0.0465118 0.33125    0.394907  0.201999  0.590744  0.654491  0.927328   0.543788  0.0281813 0.516081  0.612355   0.956045   0.224015  0.576546   0.422543   0.407327   0.330275  0.919202  0.291424   0.414129  0.467846
0.427441   0.33796   0.801101  0.233733   0.535708   0.0641387 0.977287   0.0187941 0.72528    0.723608  0.669639  0.806354  0.798411   0.0290488 0.378262  0.98833   0.876701   0.509521   0.286314  0.467953  0.629305   0.698283  0.247348  0.0900255 0.868045  0.395707   0.512515  0.892884  0.993631  0.458037   0.900443   0.323333  0.230663   0.32941    0.372555   0.781     0.818013  0.999992   0.814592  0.391856
0.761827   0.797948  0.346447  0.496733   0.144973   0.258552  0.214866   0.0910325 0.112242   0.719668  0.382617  0.780703  0.438479   0.679024  0.0464147 0.428487  0.661754   0.966037   0.0656772 0.848028  0.988981   0.154697  0.47962   0.303629  0.405167  0.922278   0.769357  0.35167   0.142838  0.940124   0.00827096 0.625048  0.567317   0.353257   0.836669   0.950278  0.378917  0.469182   0.49013   0.0297452
0.857434   0.559912  0.263637  0.0932066  0.220411   0.222284  0.191976   0.41115   0.327775   0.835542  0.0613657 0.909952  0.53767    0.211234  0.0452731 0.290386  0.5327     0.371275   0.27716   0.617016  0.796777   0.813883  0.857369  0.940462  0.0802131 0.633947   0.593126  0.652704  0.96066   0.793642   0.859229   0.55919   0.0686966  0.893787   0.744426   0.231684  0.733698  0.00863214 0.8831    0.55954
0.881608   0.767501  0.584497  0.420566   0.705809   0.705634  0.463322   0.438376  0.979455   0.882772  0.571791  0.0950535 0.33049    0.326377  0.767067  0.666444  0.235209   0.00911269 0.440102  0.263799  0.356935   0.828822  0.186581  0.314076  0.521149  0.542197   0.151568  0.970703  0.48904   0.877022   0.105328   0.997156  0.21312    0.688372   0.220777   0.742362  0.204574  0.966921   0.601901  0.77196
B
0.681144 0.331669 0.37743 0.397659 0.517506 0.548363 0.133217 0.130839 0.0603002 0.374813 0.397015 0.168755 0.76438 0.778531 0.00703355 0.236088 0.0534813 0.985082 0.910059 0.958659 0.126092 0.962728 0.494353 0.0929235 0.293606 0.319312 0.618023 0.523884 0.00673537 0.30876 0.712319 0.0438981 0.864814 0.696833 0.252298 0.961467 0.809362 0.664353 0.876453 0.169943
X
-0.632846 0.0136427 -1.67972 1.0112 -0.139559 -0.297559 -0.0897525 -0.0659556 0.726749 0.239264 0.11173 -0.0828859 -0.204329 -1.16496 -1.07616 -0.367827 0.154106 -0.828608 -0.825595 0.790215 0.0234259 0.52394 0.311387 0.736378 0.0605723 -0.595495 0.512003 1.8788 -0.743942 -0.929225 -0.50368 -0.183082 2.26677 0.357292 0.442688 0.10251 1.65486 0.521756 -0.79276 0.158014
Determinant
239.721